350 
556 
706 
774 
1092 
1280 
1605 
1611 
1615 
1625 
1902 
1910 
1923 
1945 
1968 
1985 
1989 
2020 
2070 
2140 
2272 
2280 
2292 
2880 
3036 
3099 
3174 
3315 
3496 
3593 
3611 
3627 
3711 
3725 
3745 
3770 
3794 
3795 
4060 
4070 
4364 
4470 
4605 
4645 
4646 
4753 
4783 
4792 
4909 
4940 
5000 
5010 
5435 
5445 
5549 
5613 
5623 
5653 
5657 
5658 
5668 
5710 
5720 
5816 
6125 
6351 
6367 
6393 
6611 
6890 
7046 
7111 
7141 
7171 
7181 
7210 
7215 
7490 
7704 
7810 
7880 
7913 
7939 
7964 
7983 
8435 
8482 
8753 
8773 
8783 
8814 
8842 
8852 
8861 
8872 
8881 
8882 
9119 
9310 
9315 
9329 
9375 
9392 
9792 
9941 
