16540
0
1
2
3
4
5
6
7
8
9
10
11
12
13
14
15
16
17
18
19
20
21
22
23
24
25
26
27
28
29
30
31
32
33
34
35
36
37
38
39
40
41
42
43
44
45
46
47
48
49
50
51
52
53
54
55
56
57
58
59
60
61
62
63
64
65
66
67
68
69
70
71
72
73
74
75
76
77
78
79
80
81
82
83
84
85
86
87
88
89
90
91
92
93
94
95
96
97
98
99
100
101
102
103
104
105
106
107
108
109
110
111
112
113
114
115
116
117
118
119
120
121
122
123
124
125
126
127
128
129
130
131
132
133
134
135
136
137
138
139
140
141
142
143
144
145
146
147
148
149
150
151
152
153
154
155
156
157
158
159
160
161
162
163
164
165
166
167
168
169
170
171
172
173
174
175
176
177
178
179
180
181
182
183
184
185
186
187
188
189
190
191
192
193
194
195
196
197
198
199
200
201
202
203
204
205
206
207
208
209
210
211
212
213
214
215
216
217
218
219
220
221
222
223
224
225
226
227
228
229
230
231
232
233
234
235
236
237
238
239
240
241
242
243
244
245
246
247
248
249
250
251
252
253
254
255
256
257
258
259
260
261
262
263
264
265
266
267
268
269
270
271
272
273
274
275
276
277
278
279
280
281
282
283
3
284
285
286
287
288
289
290
291
292
293
294
295
296
297
14
298
299
300
301
302
303
17
304
305
306
307
308
309
310
311
312
313
314
315
316
317
318
319
320
321
322
323
324
325
326
327
328
329
330
331
332
333
334
335
336
337
338
339
340
341
342
343
344
345
346
347
348
349
350
351
352
353
354
355
356
357
358
359
360
361
362
363
364
75
76
365
366
367
368
369
370
371
372
373
374
375
376
96
377
378
379
380
381
382
383
384
385
386
387
388
389
390
391
392
393
394
395
396
397
398
399
400
401
402
126
403
404
405
406
407
131
408
135
137
409
410
411
412
146
413
414
415
416
417
418
419
420
421
422
423
424
425
426
427
428
429
430
431
432
433
434
435
436
437
438
439
440
441
442
443
444
445
446
447
179
448
449
450
451
452
453
454
186
455
456
457
458
459
460
461
462
463
464
465
466
204
467
468
469
470
471
472
473
474
475
476
214
219
220
477
478
479
480
481
482
483
484
229
485
486
487
488
489
490
491
492
493
494
495
496
497
498
499
500
501
502
503
504
248
505
506
507
508
509
510
511
512
513
514
515
516
517
518
519
520
521
522
523
524
525
526
527
528
529
530
531
532
533
534
535
536
537
538
539
540
541
542
543
544
545
546
547
548
549
550
551
3
552
553
554
287
555
556
557
558
559
560
290
561
562
563
564
565
566
567
568
569
294
13
570
14
571
572
298
573
574
299
575
302
576
577
578
579
16
17
580
581
305
582
583
306
584
585
586
587
588
589
590
591
311
592
593
594
595
596
316
597
320
598
599
600
601
602
603
604
605
606
607
608
609
610
611
612
37
613
614
615
332
616
617
618
619
334
336
620
621
622
623
624
625
626
339
627
628
629
630
631
53
347
632
633
634
635
636
637
638
639
640
641
354
642
643
644
645
646
647
648
649
64
650
651
652
361
653
654
75
76
655
656
657
366
367
369
658
659
660
372
661
662
663
378
664
379
665
666
667
668
669
670
384
671
672
673
674
385
386
675
676
677
678
679
680
681
682
683
116
684
117
685
686
687
120
688
391
689
690
691
692
693
694
695
696
697
698
699
401
700
701
702
703
704
705
126
706
707
406
131
708
709
710
711
712
137
713
714
410
715
716
146
413
717
718
719
720
721
722
723
724
725
418
726
727
728
729
730
424
731
157
732
733
734
735
736
737
738
739
740
741
742
431
743
744
745
434
746
747
748
749
750
751
752
753
754
447
755
756
179
757
758
759
760
761
762
763
764
765
766
767
768
769
770
771
186
772
189
458
459
773
190
774
461
775
776
777
778
779
780
781
782
783
202
784
785
786
787
788
789
474
790
791
792
793
794
214
795
796
797
798
799
219
800
220
477
478
479
801
481
802
803
804
805
229
806
807
485
808
809
810
488
811
812
813
814
815
816
817
818
819
820
821
822
823
824
825
826
827
497
828
829
499
830
831
832
833
834
835
836
248
506
837
838
839
840
509
841
842
513
843
844
845
846
847
848
521
525
526
849
850
851
852
853
854
855
530
856
533
857
858
859
860
861
862
863
864
538
274
865
276
866
867
544
545
868
546
869
283
870
871
3
872
287
873
874
875
876
567
877
878
293
294
297
14
879
298
574
299
575
302
17
880
881
882
306
883
884
885
886
887
888
889
890
891
892
893
894
895
896
897
898
899
900
901
902
320
903
322
904
905
906
907
908
909
910
911
610
912
913
37
914
915
916
917
332
918
919
920
619
334
921
922
336
923
924
925
926
51
927
928
929
52
347
930
931
932
933
934
935
936
937
354
355
938
939
940
941
942
943
944
945
946
947
64
948
949
950
951
361
952
953
954
364
955
956
957
958
75
76
959
366
367
960
961
369
962
963
964
371
373
965
966
967
968
969
970
95
378
971
972
973
974
975
976
977
670
978
384
979
980
981
386
982
983
984
985
986
987
388
988
989
990
116
991
992
993
994
120
995
121
391
996
396
997
998
999
1000
1001
694
399
123
1002
1003
1004
401
1005
1006
126
1007
1008
1009
406
1010
1011
131
1012
408
1013
137
1014
409
1015
1016
411
1017
1018
1019
1020
146
1021
413
414
1022
1023
1024
1025
1026
418
1027
1028
1029
1030
1031
1032
157
1033
1034
1035
1036
1037
1038
1039
1040
1041
1042
1043
1044
1045
1046
1047
1048
434
435
1049
438
1050
1051
173
1052
1053
1054
1055
1056
1057
1058
755
179
1059
1060
765
1061
1062
1063
186
1064
189
1065
458
1066
459
1067
190
1068
1069
461
1070
1071
775
1072
1073
199
1074
1075
1076
204
1077
1078
1079
789
1080
474
211
1081
1082
794
214
219
220
477
478
479
1083
1084
1085
1086
1087
1088
1089
1090
1091
1092
488
813
814
1093
815
236
1094
1095
238
1096
1097
1098
497
498
829
1099
1100
500
1101
1102
1103
502
1104
836
504
248
1105
1106
1107
513
1108
254
1109
845
1110
1111
1112
1113
1114
1115
525
1116
1117
1118
1119
1120
1121
1122
1123
1124
528
262
1125
530
533
1126
1127
1128
1129
535
863
1130
1131
1132
538
1133
540
274
1134
1135
1136
1137
545
546
869
283
1138
1139
3
284
1140
285
1141
1142
554
287
1143
1144
1145
1146
1147
290
1148
1149
1150
1151
1152
1153
567
293
294
1154
1155
1156
1157
1158
297
14
1159
1160
1161
1162
298
1163
299
1164
300
1165
1166
1167
575
1168
302
303
1169
1170
1171
17
1172
1173
1174
1175
1176
1177
1178
1179
1180
1181
1182
1183
1184
305
1185
1186
881
306
1187
1188
1189
1190
1191
1192
1193
1194
1195
1196
1197
1198
1199
1200
1201
1202
1203
1204
1205
1206
1207
1208
1209
1210
1211
313
1212
1213
898
595
1214
314
1215
1216
316
1217
1218
1219
1220
1221
1222
1223
320
1224
1225
1226
1227
1228
1229
1230
1231
1232
1233
1234
1235
605
1236
1237
1238
1239
1240
1241
1242
1243
1244
1245
1246
1247
326
1248
613
1249
1250
1251
1252
328
1253
1254
332
1255
1256
1257
1258
1259
1260
619
1261
334
1262
1263
1264
1265
336
1266
1267
1268
1269
1270
1271
339
1272
1273
1274
1275
1276
346
1277
1278
347
1279
1280
1281
1282
1283
1284
1285
1286
1287
1288
1289
349
1290
1291
1292
1293
1294
1295
1296
1297
1298
1299
1300
1301
1302
1303
1304
1305
1306
1307
1308
354
1309
1310
1311
1312
1313
1314
1315
1316
1317
1318
1319
1320
645
1321
1322
1323
1324
1325
1326
1327
1328
1329
1330
1331
1332
361
1333
1334
1335
364
1336
1337
1338
1339
75
1340
1341
656
365
366
367
1342
1343
1344
1345
1346
1347
1348
1349
1350
1351
371
1352
1353
1354
1355
1356
1357
1358
372
1359
1360
1361
1362
1363
1364
1365
1366
378
1367
379
1368
1369
665
1370
1371
1372
1373
1374
1375
1376
1377
1378
1379
1380
384
1381
1382
385
386
1383
1384
1385
1386
1387
1388
1389
1390
1391
1392
1393
1394
1395
1396
1397
984
1398
1399
1400
1401
1402
388
1403
1404
1405
1406
1407
116
1408
1409
1410
1411
1412
1413
1414
391
1415
1416
1417
1418
1419
1420
1421
1422
1423
396
1424
1425
1426
1427
1428
399
1429
1430
1431
1432
1433
1434
1435
401
1436
1437
1438
402
126
1439
1440
406
131
1441
1442
1443
1444
408
1445
1446
1447
1448
1449
135
1450
1451
137
409
1452
1453
1454
1455
1456
1457
1458
411
412
1020
1459
1460
1461
1462
1463
1464
1465
1466
1467
413
414
1468
1469
1470
1471
720
1472
1473
1474
1475
1476
1477
1478
1479
1480
418
1481
1482
1483
1484
1485
1486
1487
1488
1489
1490
1491
730
1492
731
1493
1494
1495
1496
1497
426
1498
1499
1500
1501
1502
1503
1504
1505
1506
1507
1508
1509
1510
1511
1512
1513
1514
1515
1516
1517
1518
1519
1520
1521
1522
1523
1524
435
1525
1526
1527
1528
438
440
1529
441
1530
1531
1532
443
1533
749
1534
1535
1536
1537
1538
1539
1540
1541
447
1542
755
1543
1544
1545
1546
1547
1548
1549
1550
1551
767
1552
1553
1554
1555
186
1556
1557
1558
1559
458
1560
1561
459
460
1562
1563
1564
1565
1566
1567
1568
461
1569
1570
775
1571
1572
1573
1574
1575
1576
1577
1578
1579
1580
1581
1582
1583
1584
1075
1585
1586
1587
1588
1589
1590
1591
471
1592
1593
1594
1595
1596
1597
474
1598
1599
1600
1601
214
1602
1603
1604
1605
219
1606
1607
477
1608
478
1609
1610
1611
1612
1613
1614
1615
1616
1617
1618
481
1619
1620
803
1621
1622
1623
1624
1625
1626
1627
1628
1629
1630
1631
1632
488
1633
1634
812
1635
1636
1637
1638
1639
1640
1641
1642
1643
1644
492
1645
1646
1647
1648
1649
1650
1651
1652
1653
1654
1655
1656
497
498
499
500
1657
1658
1659
1660
1661
1662
502
1663
1664
836
1665
504
1666
248
1667
506
1668
1669
509
1670
1671
1672
1673
1674
1675
1676
1677
513
1678
1679
1680
1681
1682
1683
1684
1685
1686
1687
1688
1689
1690
1691
525
526
1692
1116
1693
1694
1695
1696
1697
1698
1699
1700
1701
528
1702
262
1703
1704
1705
1706
1707
1708
1709
1710
1711
1712
533
1713
1714
1715
1716
1717
1718
1719
1720
1721
1722
1723
1724
1725
863
1726
1727
537
1728
538
1729
1730
1731
540
1732
1733
1734
1735
1736
1737
1738
1739
1740
1741
1742
1743
1744
1137
544
545
1745
1746
546
1747
1748
3
1749
1750
553
1751
1752
564
1753
567
294
14
298
299
1754
16
1755
581
1756
1757
1758
595
1759
1760
1761
1762
1763
1764
1765
1766
1767
1768
1769
1770
1771
1772
1773
336
1774
51
1775
52
1776
1777
56
1778
1779
1780
1781
1782
1783
1784
361
1785
1786
364
1787
75
76
656
366
369
1788
1789
1790
372
1791
663
1792
1793
1794
378
665
1795
384
386
1796
1797
1798
1799
1800
1801
1802
116
120
391
1803
1804
1805
1806
1807
1808
401
1809
126
1810
1811
1812
131
408
133
135
137
1813
1814
1815
146
414
1816
1817
1818
157
1819
1820
1821
1822
1823
1824
1040
1825
1826
1827
1828
1829
1830
435
1831
1832
1833
173
1834
1835
1836
1837
1838
1839
1840
1841
183
1842
1843
1844
1845
189
1846
1847
1848
199
1849
1850
1851
1852
1853
1075
202
1854
1855
1856
1857
1858
474
1859
1860
1861
214
1862
219
220
478
1863
1864
1865
1866
1867
1619
1868
229
807
1869
1870
813
814
236
1871
238
1652
497
1872
1873
836
248
506
1874
513
1875
1876
1877
1878
1879
265
1880
1881
1882
1883
1726
1884
1885
538
1886
274
277
545
1887
1888
548
1889
3
284
1890
1891
554
287
1892
1893
1752
1894
290
1895
1896
1897
1898
1899
1900
1901
1902
1903
567
1904
1905
293
294
13
1906
14
1907
298
574
299
1164
1908
1909
1910
1911
1912
1913
1182
581
305
1914
306
1915
1916
587
1917
311
1918
1919
1920
1921
1922
594
595
1923
320
1924
1925
905
604
1926
1927
909
1928
607
1929
1930
1931
610
1932
37
1933
1934
1935
1936
1937
1938
1939
1940
1941
1942
1943
619
1944
334
336
620
1945
1946
625
1947
1948
1949
1274
53
347
1950
1951
1952
1953
1954
1955
1956
1957
1958
354
1959
1960
1961
1962
1963
1964
1965
361
1966
1967
364
1968
75
656
366
1969
1970
369
1971
1972
371
372
1973
373
1974
1975
1976
1977
1978
378
379
665
1979
1980
1981
1982
670
384
1983
1984
1985
386
1986
677
678
1392
1987
679
1988
1401
388
1989
1990
683
116
1991
1992
1993
1994
1995
121
391
1996
396
1997
1998
1999
1426
2000
694
2001
696
2002
2003
2004
2005
2006
2007
401
2008
402
2009
126
2010
2011
2012
2013
131
2014
2015
2016
2017
408
2018
135
2019
2020
137
409
2021
2022
2023
2024
411
2025
412
2026
414
2027
2028
2029
2030
2031
1476
2032
418
2033
2034
2035
2036
2037
730
2038
2039
731
2040
1033
2041
737
2042
1507
2043
2044
2045
2046
2047
2048
2049
2050
2051
2052
2053
2054
2055
434
435
2056
2057
2058
2059
2060
2061
2062
2063
2064
2065
447
1542
755
2066
2067
2068
2069
767
2070
1845
186
2071
1559
458
459
460
190
2072
2073
2074
2075
2076
775
1573
2077
2078
202
2079
2080
785
2081
2082
2083
2084
2085
2086
2087
2088
474
2089
2090
214
2091
2092
2093
2094
2095
219
220
477
478
479
2096
2097
2098
2099
2100
481
2101
2102
2103
2104
485
2105
2106
1631
488
812
2107
814
815
816
2108
236
2109
2110
492
1652
2111
2112
2113
2114
499
830
500
1102
502
835
2115
836
2116
248
506
2117
2118
2119
513
2120
2121
2122
2123
2124
848
2125
1115
2126
2127
2128
2129
2130
1701
2131
2132
2133
2134
530
2135
533
2136
2137
2138
2139
858
2140
2141
535
2142
2143
863
2144
1726
538
274
865
276
2145
545
546
869
1887
283
2146
2147
3
285
2148
2149
873
2150
2151
2152
2153
564
2154
2155
294
2156
2157
1156
297
14
298
2158
299
575
302
16
17
2159
2160
306
2161
2162
1190
2163
2164
2165
2166
2167
2168
2169
2170
2171
2172
2173
2174
2175
2176
898
595
2177
316
2178
318
2179
2180
321
2181
603
2182
2183
2184
1247
326
2185
2186
332
2187
1260
2188
334
2189
2190
2191
2192
51
927
2193
2194
2195
2196
2197
56
2198
2199
2200
2201
932
2202
349
2203
2204
1298
2205
2206
1307
354
2207
2208
2209
2210
2211
645
2212
2213
2214
2215
2216
361
953
2217
364
1336
2218
75
76
656
2219
365
366
367
2220
2221
2222
2223
2224
372
2225
663
378
2226
2227
2228
381
2229
2230
2231
102
2232
384
2233
2234
2235
2236
386
2237
2238
2239
2240
2241
2242
2243
2244
1401
388
116
992
2245
2246
2247
1413
120
391
2248
2249
2250
1419
396
2251
696
2252
2253
697
399
123
2254
1432
2255
2256
2257
401
2258
2259
2260
126
2261
2262
1811
406
1010
131
408
2263
133
2264
135
2265
137
409
2266
2267
2268
2269
2270
2271
2272
411
2273
1020
1461
146
2274
2275
720
2276
418
2277
2278
2279
2280
424
1031
426
2281
2282
2283
1508
2284
2285
2286
2287
2288
2289
2290
2291
2292
2293
435
2294
2295
440
2296
443
2297
2298
447
179
2299
2300
2301
767
1062
2302
2303
2304
189
1065
458
459
2305
190
2306
2307
1853
1075
2308
2309
1076
2310
204
2311
2312
2313
2314
2315
1856
1080
474
2316
2317
2318
2319
794
214
2320
2321
219
477
478
2322
2323
1612
2324
1619
2325
2326
2327
488
2328
2329
236
2330
2331
2332
1647
2333
2334
238
1652
2335
2336
2337
497
240
498
2338
2339
2340
502
504
248
509
2341
2342
2343
2344
513
2345
254
845
2346
2347
2348
1688
2349
525
2350
2351
2352
2353
2354
2355
2356
2357
528
2358
1703
1706
2359
2360
2361
1709
533
2362
2363
2364
2365
2366
863
2367
864
1726
2368
538
540
2369
2370
1137
544
545
2371
546
283
2372
2373
2374
2375
3
284
285
287
1900
564
2376
2377
2378
293
294
14
2379
2380
298
574
299
2381
575
17
2382
2383
2384
2385
2386
2387
306
2388
1190
2389
2390
2391
2392
2393
2394
2395
311
2396
2397
2398
2399
2400
595
2401
2402
315
2403
2404
2405
2406
607
2407
2408
2409
2410
2411
2412
2413
334
2414
2415
336
2416
2417
2418
626
2419
2420
51
346
347
2421
2422
2197
55
56
2423
2424
2425
349
2426
2427
639
2428
2429
2430
1307
2431
2432
355
2433
644
2208
2434
2435
64
2436
2437
1783
361
2438
953
364
1336
2439
75
656
366
2440
2441
369
2442
2443
2444
372
2445
2446
2447
2448
2449
2450
2451
378
2452
2453
2454
2455
670
384
2456
2457
2458
386
2459
2460
2461
2462
679
1397
984
2463
2464
2465
1401
2466
2467
2468
388
2469
2470
683
116
992
2471
2472
2473
2474
120
121
391
2475
2476
2477
2478
396
2479
696
2002
697
399
2480
401
2260
126
2481
2010
406
1010
131
408
2482
2483
133
1448
2484
135
137
1814
409
2485
2486
2487
2488
2489
2490
411
412
1020
146
2491
414
2492
2493
2494
2495
2496
2497
2498
2499
418
2500
2501
730
2502
2503
2504
731
157
2505
2506
2507
426
2508
2281
427
2509
737
2510
2511
2512
2513
1512
2514
1521
434
2515
440
443
2516
2517
2518
447
1542
2519
2520
2521
2522
2523
2524
2525
1842
767
1062
2526
2527
1557
189
458
2528
2529
2530
2531
2532
2533
2534
2535
199
2536
2537
2538
1853
1075
2539
2540
2541
2542
2543
2544
2545
2546
2547
1856
2548
2549
2550
474
2551
2552
2090
794
214
2553
2554
2555
2556
219
477
478
2557
2558
2559
2560
1612
221
2561
2562
2563
2564
2565
229
2566
2567
2568
2569
2570
488
2571
813
2572
2573
814
815
2574
2575
2576
238
2577
2578
497
499
2579
2580
2581
2582
2583
836
2584
504
2585
248
506
2586
2587
2588
2589
2590
2591
513
2592
254
2593
2594
2595
2596
2597
2598
2599
525
261
2600
2601
2602
2603
530
2604
265
2605
533
2606
2607
2608
2609
2610
2611
2612
2613
1726
2614
538
274
2615
2616
2617
2618
2619
2620
2621
545
2371
2622
2623
546
2624
2625
2626
2627
2628
296
2629
2630
2631
308
2632
2633
2634
2635
2636
2637
2638
330
338
46
344
2639
2640
2641
2642
352
2643
2644
2645
2646
2647
358
2648
2649
2650
2651
2652
2653
380
2654
105
387
2655
2656
115
2657
2658
392
2659
393
2660
2661
404
2662
405
2663
2664
2665
2666
2667
2668
143
144
2669
417
419
420
2670
423
2671
425
2672
2673
2674
163
429
2675
2676
2677
433
436
2678
2679
449
452
2680
453
455
2681
193
2682
2683
2684
2685
2686
2687
473
208
2688
2689
2690
2691
2692
484
2693
487
2694
493
2695
495
245
2696
507
2697
249
2698
2699
2700
518
2701
2702
256
527
259
2703
2704
2705
2706
2707
2708
273
2709
539
2710
2711
543
2712
550
2626
556
558
562
2713
2714
2715
2716
572
579
2717
2631
2718
585
2719
2634
2635
21
2720
23
2721
25
2722
2723
597
599
2724
602
611
2725
2726
2727
2728
2729
44
2730
2731
49
2732
630
2639
633
2733
2734
640
2735
641
2736
2737
642
2738
2739
2740
2650
661
2741
2742
2654
672
2743
108
2744
680
682
2745
2656
115
2657
684
2746
2658
2747
692
2748
700
2749
701
2661
702
703
2750
705
706
2751
708
711
713
2752
2753
2754
143
144
2755
2756
149
2757
2758
2670
2671
734
2759
736
2760
2674
2761
160
2762
2763
163
2764
741
2677
744
2765
745
2766
2767
2678
750
2768
2769
181
2770
2771
2772
2773
760
2774
2775
2776
766
2681
193
2777
2683
2778
2779
782
2780
2781
207
208
2782
2688
2783
793
2784
2785
2786
225
2787
2788
2789
2790
2791
2792
2694
818
823
2793
2794
241
245
833
837
249
843
2795
2796
2797
847
2798
2701
2702
2799
256
2800
2801
2802
259
2803
2804
2706
2707
859
862
2805
273
2806
2807
2
2626
2808
2809
6
2627
2810
2811
2812
876
2813
878
2814
2815
880
2816
2817
882
2631
2818
2718
2819
883
884
2820
2634
890
892
894
2821
2822
897
2823
903
2824
2825
907
2826
2827
911
2828
2829
2830
2831
2832
2833
916
2834
2835
918
2729
2836
43
44
2837
2838
2839
929
2840
2641
2841
934
2645
2842
936
938
2647
2843
2844
2845
2846
944
947
2847
2848
2849
2650
2850
2851
960
961
2852
2853
2854
2855
2856
2857
2858
2859
2860
2861
973
100
2862
2863
2864
105
2865
108
2866
2867
2868
2869
2870
2871
2872
2873
986
2874
2875
2876
2877
2656
114
2878
990
115
2879
2657
2880
2881
2882
2883
2659
999
1001
2884
2885
2886
2887
2748
1003
2888
2889
2890
2661
1005
1011
1012
2891
2892
2893
2894
2895
2896
2897
2668
2898
143
1019
144
145
2899
2900
2901
2902
2903
2758
2904
2905
2670
2906
1030
2907
2908
2671
2909
1035
2674
2910
2761
1038
163
2911
2912
2913
2914
2915
2916
2677
1045
2917
1046
2918
2919
2920
2921
2922
1051
2923
1055
2924
1058
2769
181
2772
2925
2926
1061
2927
2928
185
188
1067
2929
2930
1068
2681
193
2931
2932
2933
2934
1073
2935
2936
2937
2938
1074
2939
1077
2940
2941
207
2942
2688
1082
215
2784
2943
2944
2945
2946
2691
1086
2947
2948
2949
2787
1087
2692
2950
2951
2952
2953
2954
2694
1094
1095
2955
2956
2957
2958
2959
2960
1101
245
2961
2962
2963
1105
249
1106
2964
2965
2966
2967
2968
2969
1109
1111
2798
1114
2701
2702
2970
1119
256
2971
2972
2973
2974
2801
2975
1124
259
2705
2976
2977
2706
2978
2979
2707
2980
2981
2982
271
2983
2984
273
1131
2985
2986
1135
2987
2988
2989
2990
2626
1142
2627
2991
2992
2993
2994
2813
2995
2996
2997
2998
2999
2631
2718
1188
1194
1197
2634
1209
1212
3000
2825
2827
3001
3002
40
3003
3004
1271
1295
3005
3006
1323
1330
2650
1343
2854
2652
1360
2861
3007
1373
1375
3008
105
1382
1400
1404
115
1407
2657
3009
3010
3011
3012
3013
3014
3015
1443
3016
3017
1453
144
3018
2758
2670
2906
2671
1497
163
3019
3020
3021
3022
3023
3024
1531
3025
3026
181
3027
1548
1549
3028
2681
193
3029
3030
1591
2780
3031
3032
2784
1609
3033
3034
3035
3036
1623
1625
3037
3038
3039
3040
3041
3042
245
246
249
2967
3043
2701
3044
256
1696
3045
3046
2801
259
3047
1705
2705
2707
2982
3048
3049
3050
273
3051
1729
3052
2988
1749
1750
2627
3053
3054
2813
3055
3056
1754
3057
1755
3058
3059
3060
2631
2718
3061
3062
3063
3064
3065
3066
2634
2635
25
3067
3068
3069
3070
3071
3072
3073
31
3074
1764
3075
3076
2829
1769
3077
2834
1771
3078
3079
3080
49
3081
3082
1775
1776
1777
3083
2641
3084
3085
3086
3087
2647
3088
3089
1780
3090
3091
2740
3092
3093
3094
2853
2652
3095
3096
2741
1792
3097
3098
3099
3100
3101
3102
3103
3104
3105
104
105
3106
3107
1796
3108
3109
1798
3110
3111
3112
3113
2745
1802
3114
3115
3116
2881
3117
3118
3119
3120
1803
3121
1804
1805
3122
1808
3123
2888
3124
3125
3126
3127
3128
3129
3130
3131
3132
144
2899
3133
3134
1817
3135
2670
3136
3137
3138
2671
3139
3140
1819
3141
3142
1820
1821
2761
1824
3143
3144
3145
3146
1826
3147
3148
3149
3150
2677
1828
1831
3151
3152
3153
3154
181
3155
3156
3157
3158
3159
3160
3161
3162
193
3163
1846
3164
3165
1847
2935
3166
3167
2780
1857
208
2782
3168
3169
3170
3171
1863
3172
2691
1865
3173
227
3174
3175
3176
2694
3177
3178
3179
1871
3180
3181
3182
3183
3184
245
1873
3185
249
3186
3187
2969
3188
3189
3190
2701
2702
256
2973
2801
1878
259
1879
3191
3192
3193
2982
3194
1881
3195
3196
1882
273
3197
3198
3199
2988
3200
6
2627
1898
1899
3201
2813
1902
3202
3203
3204
1911
2631
3205
2634
3206
2825
3207
3208
1933
46
3209
3210
1957
2735
1959
1960
1964
3211
3212
3213
2650
3214
2854
2652
3215
1974
2741
3216
100
1979
105
3217
1985
3218
1988
115
1992
2658
3219
3220
3221
2668
2024
144
2031
2032
2758
3222
2035
3223
2670
2037
2671
3140
163
3224
2051
3225
2056
3152
2065
3226
3227
181
3228
3229
185
3230
2071
3231
2072
2681
193
3232
2076
2935
2938
3233
2780
2082
2084
2085
3234
2784
2096
226
2103
3235
3236
3237
2108
2109
3238
3239
2114
3240
3241
245
246
2115
249
3242
3243
3244
2701
3245
256
2128
2801
259
2705
2707
2138
271
3246
2144
273
3247
3248
2988
2147
3249
2148
2626
2808
2627
2149
3250
2150
2812
3251
2813
3252
3253
3254
2159
2631
2162
3255
3256
2169
2172
2175
2176
3071
29
3257
2825
2182
3258
2828
36
3259
3260
3261
3262
2727
43
2189
3263
3080
2202
3264
2205
3265
3266
3267
3268
2650
3093
2221
2852
81
2853
3269
3270
2858
2227
2230
3271
105
2743
110
2240
3272
114
115
3273
2657
2880
3274
3275
2881
3276
2251
2254
2888
3013
3277
2261
2891
2264
2269
3278
144
3279
2758
3280
3281
3140
3282
2283
163
3283
2677
3284
167
3285
3286
3287
3288
2297
181
3289
3290
2299
3291
3292
188
3293
193
3294
200
3295
2308
3296
3297
2315
2780
2782
210
2316
2688
2318
2319
3298
3299
3300
3032
2320
2321
3301
2324
3302
2691
3033
3303
2787
2325
3304
3305
233
2694
3306
2333
3307
245
2340
2963
249
3308
3043
2349
3309
2701
3310
3311
256
2801
2355
259
2358
2705
3312
2368
273
2374
2626
2808
7
2377
3313
3314
3315
3253
3316
3317
3318
2384
2385
2387
3319
2631
2718
3320
3321
2388
3255
2390
2392
2634
2635
23
3322
2401
3323
3071
29
3258
3324
3325
3326
2408
3327
38
2727
3328
2729
2414
2415
44
3329
3263
3080
2418
46
49
2639
3330
2424
2733
3331
2428
3332
3333
2647
3334
3335
3336
3337
2435
3338
2437
3339
2740
2650
3093
3340
3341
3342
2853
83
3343
3344
3345
3346
3347
3348
2450
2451
3349
104
2458
2459
3350
115
2881
3351
3352
2475
3353
3354
2748
2480
2888
3013
3355
3356
3357
3358
3359
2486
3360
3361
3362
3363
3364
2488
144
2899
3365
2491
3366
2758
3367
3368
2501
2505
2507
2760
2761
163
3369
3370
2677
3371
2766
3372
2678
3373
2516
2519
2769
2772
3374
2775
2776
2527
3375
193
3376
2530
3377
3378
3379
2535
3380
2540
2542
2546
207
3381
3382
2688
2551
2783
3383
2560
2691
3384
3385
2568
3386
3174
3387
233
3388
3389
2954
3390
3391
2580
3184
245
249
3392
3308
2969
2796
3393
3394
2598
3395
2701
2702
256
3396
3397
2973
2801
2802
259
2602
2604
2609
2610
3398
3399
273
2614
3400
3401
3402
547
3403
549
3404
3405
3406
3407
3408
3409
3410
3411
555
3412
3413
3414
562
3415
3416
3417
3418
3419
3420
568
569
3421
3422
2628
3423
3424
2715
296
3425
572
3426
3427
3428
3429
3430
3431
3432
3433
3434
3435
3436
3437
3438
2629
2717
3439
3440
3441
3442
3443
3444
3445
3446
3447
3448
583
3449
3450
3451
3452
3453
584
3454
3455
3456
3457
3458
308
3459
588
2632
309
2633
3460
3461
2636
3462
2720
3463
2721
312
3464
3465
3466
3467
3468
3469
3470
3471
3472
2722
597
3473
3474
3475
3476
3477
3478
3479
3480
3481
2638
3482
3483
3484
3485
3486
3487
3488
3489
3490
3491
3492
3493
3494
327
3495
3496
329
330
2726
3497
3498
2728
3499
335
3500
3501
338
2731
3502
3503
3504
3505
3506
627
344
3507
3508
3509
2640
632
3510
3511
633
3512
635
3513
3514
3515
3516
3517
3518
2642
3519
351
3520
3521
352
640
3522
3523
641
3524
2736
353
3525
3526
3527
3528
3529
357
3530
3531
358
3532
3533
3534
646
3535
3536
3537
3538
3539
2648
3540
3541
3542
3543
3544
3545
3546
3547
3548
3549
3550
3551
3552
3553
3554
3555
3556
3557
3558
3559
659
3560
3561
661
3562
3563
2742
3564
3565
377
3566
3567
664
3568
380
667
668
3569
3570
3571
3572
3573
3574
3575
672
3576
3577
676
3578
3579
3580
3581
3582
3583
3584
680
3585
3586
3587
3588
3589
3590
681
3591
3592
2655
389
684
3593
3594
3595
3596
3597
392
3598
690
3599
3600
691
393
394
3601
3602
692
3603
3604
3605
3606
695
3607
3608
3609
3610
3611
698
3612
3613
3614
2749
3615
702
704
3616
3617
3618
706
3619
3620
3621
3622
2662
405
3623
3624
3625
3626
709
3627
711
3628
3629
3630
3631
3632
3633
2664
3634
3635
713
3636
3637
2753
2666
3638
2754
3639
3640
3641
3642
3643
3644
3645
2756
3646
721
3647
3648
416
3649
3650
417
3651
3652
3653
3654
3655
3656
3657
3658
3659
727
419
3660
420
3661
3662
423
3663
3664
3665
733
425
734
3666
736
2672
2673
3667
3668
2762
3669
3670
3671
3672
429
3673
2764
3674
3675
2675
3676
3677
3678
3679
3680
3681
742
3682
3683
3684
3685
3686
3687
433
3688
3689
3690
436
3691
437
3692
3693
3694
439
3695
3696
442
3697
2767
3698
3699
3700
3701
3702
3703
3704
2679
2771
3705
2773
3706
3707
761
3708
3709
3710
3711
3712
3713
3714
449
3715
3716
766
452
3717
3718
3719
3720
2680
454
455
456
3721
457
3722
3723
3724
3725
3726
2777
3727
3728
3729
462
3730
781
3731
3732
3733
787
473
3734
3735
3736
3737
3738
3739
3740
3741
3742
3743
476
3744
793
3745
3746
798
3747
3748
800
3749
3750
3751
3752
3753
3754
3755
3756
3757
3758
3759
3760
3761
483
484
3762
3763
3764
3765
3766
3767
3768
2791
3769
809
3770
3771
3772
3773
3774
3775
3776
491
3777
3778
818
3779
3780
3781
3782
3783
3784
825
826
2695
3785
3786
495
827
3787
3788
3789
833
2696
3790
3791
2698
3792
3793
2700
842
3794
3795
511
3796
3797
3798
843
3799
2795
3800
518
3801
846
847
3802
522
523
3803
3804
3805
527
3806
849
3807
3808
3809
3810
529
3811
2803
3812
2704
3813
3814
3815
3816
3817
3818
3819
3820
3821
3822
859
3823
860
862
3824
2805
3825
3826
539
2710
3827
3828
3829
3830
3831
3832
3833
3834
3835
3836
866
3837
3838
3839
3840
3841
868
3842
3843
3844
3845
2625
3846
3847
3848
3849
3850
3851
2809
288
3412
3852
3853
3854
3855
3856
3857
2628
3423
3858
3424
296
3859
3860
3861
3862
3863
2815
3864
3865
3866
3867
3868
3869
3448
3870
3871
887
3872
3873
308
3874
2633
3875
2636
3876
3877
892
3878
893
3879
3880
3881
3882
3883
3884
3885
3886
2822
3887
3888
3889
3469
3471
3472
3890
2637
901
319
3891
3892
902
3477
3478
3893
3894
3895
3896
907
2826
3897
3898
3899
3900
911
3492
3901
3902
3903
916
3904
917
330
3905
3906
3907
919
3908
3909
3910
3911
3912
3913
3914
923
3915
3503
3916
3917
344
3918
2838
3919
3920
3921
3922
3923
2640
3924
3925
3926
3927
2642
3928
351
3929
3930
934
2644
3522
936
3931
353
3932
938
3933
3934
356
3935
3936
3937
3938
358
3939
3940
3941
3942
3943
2846
3536
3944
3537
944
3945
946
947
3946
360
3947
3948
3949
362
3547
3950
3951
954
3952
958
3551
3953
961
2651
3954
3955
3956
3957
3559
3958
3959
3960
3961
3962
3963
3964
3965
2653
3966
3967
968
3968
969
3969
3970
377
3971
3972
3973
380
3974
3975
975
976
3976
3977
3978
3979
2863
383
3980
3981
3982
3983
3984
3985
3986
3987
980
983
3988
2868
3989
3990
3991
3992
3993
3994
2872
3995
387
986
3592
3996
3997
389
390
3998
3999
4000
3595
4001
4002
392
2883
393
395
4003
4004
4005
3601
4006
4007
3603
4008
4009
4010
4011
4012
4013
4014
3611
4015
4016
4017
1005
1008
3619
3622
2662
405
407
1011
4018
1012
3625
3626
4019
4020
2893
3628
4021
4022
4023
4024
2664
1014
4025
4026
4027
4028
2666
4029
4030
4031
4032
4033
4034
4035
4036
4037
4038
4039
4040
1023
4041
4042
4043
4044
4045
4046
4047
417
3654
4048
4049
4050
419
420
4051
4052
4053
421
3661
4054
422
4055
1029
4056
4057
425
4058
2672
2673
4059
4060
4061
1035
4062
4063
4064
1038
4065
4066
4067
4068
4069
4070
4071
429
4072
2675
4073
2676
4074
2916
430
4075
4076
1047
4077
3690
4078
4079
437
4080
4081
4082
3696
4083
4084
4085
4086
4087
4088
4089
446
4090
3704
4091
4092
448
2679
4093
4094
4095
4096
4097
4098
4099
3713
449
450
4100
452
4101
2680
453
4102
454
4103
4104
455
4105
4106
4107
2682
4108
4109
2933
4110
462
1072
1073
4111
2684
4112
4113
463
1074
4114
4115
4116
4117
465
4118
466
468
4119
1077
4120
4121
4122
2687
4123
4124
4125
473
4126
4127
3736
4128
4129
4130
4131
4132
4133
4134
4135
1082
4136
4137
4138
4139
4140
4141
2943
4142
4143
4144
1083
4145
2689
480
4146
2947
4147
482
4148
4149
483
484
4150
2693
4151
1092
3771
486
487
4152
3773
4153
4154
4155
4156
4157
4158
1094
4159
2955
4160
4161
4162
4163
4164
493
4165
494
4166
4167
4168
4169
2695
495
496
4170
2958
4171
4172
1100
4173
2959
4174
4175
4176
2696
4177
4178
4179
505
1105
507
4180
4181
4182
2965
2698
2966
4183
2700
4184
1107
512
4185
4186
4187
4188
4189
517
518
4190
1110
4191
1111
1112
522
4192
4193
4194
524
2970
4195
4196
1122
4197
4198
3808
4199
4200
4201
4202
2704
4203
531
4204
532
4205
4206
534
1126
3820
4207
2983
4208
4209
4210
2708
3822
4211
4212
4213
4214
4215
4216
4217
4218
4219
4220
4221
4222
4223
4224
4225
539
2710
4226
4227
4228
4229
1134
4230
542
4231
2987
3838
543
4232
4233
2712
4234
4235
2625
2990
4236
3848
4237
4238
3411
1142
286
4239
4240
4241
288
1148
3412
4242
2992
4243
1151
4244
4245
4246
4247
4248
4249
4250
4251
1154
2995
4252
295
2996
2997
3861
2998
4253
1167
4254
4255
1171
3866
304
1177
4256
3445
4257
4258
3448
4259
4260
4261
307
1187
1188
4262
4263
1194
308
4264
1195
4265
4266
309
3875
4267
4268
4269
310
4270
3879
4271
312
1207
4272
1212
4273
3000
4274
317
4275
4276
319
1218
4277
4278
3478
4279
4280
323
4281
4282
4283
1234
4284
4285
324
325
3001
3002
4286
327
4287
4288
4289
329
4290
330
4291
331
3497
3905
1256
4292
4293
335
3911
3913
3003
3503
1271
4294
341
342
344
4295
3507
4296
1275
4297
1280
4298
348
4299
4300
3926
350
4301
4302
4303
1295
2642
4304
3519
351
4305
3930
1301
4306
4307
4308
356
4309
3529
357
4310
3006
359
1323
4311
4312
4313
3946
4314
4315
360
4316
4317
4318
3545
4319
362
3547
363
4320
4321
4322
1341
4323
368
3556
4324
4325
4326
4327
4328
4329
376
377
4330
4331
3007
1370
1371
380
1375
1377
4332
4333
3008
3981
4334
4335
4336
4337
4338
4339
4340
1391
1393
4341
4342
4343
1396
4344
4345
4346
4347
4348
4349
1402
4350
4351
1404
4352
3997
4353
1407
1410
3998
4001
4354
3010
4355
394
395
4356
4357
1425
3601
4358
3011
3609
4359
4360
4361
404
407
3626
4362
3017
4363
4364
4365
2666
4366
4367
4368
4369
4031
1460
4370
4371
4372
4373
4374
4375
4376
4377
3018
416
4378
4379
4380
419
420
4051
1486
4381
4382
1487
421
4056
4383
4057
425
1497
2673
4384
4385
4386
4387
4388
4070
4389
4390
429
4391
3020
4392
1511
3675
4393
4394
2675
4395
430
4396
4397
4075
4398
433
4399
3690
4400
4401
4402
436
4403
4404
437
4405
4406
3692
3694
1529
4407
442
1531
4408
445
3025
3026
4409
4410
3027
4411
1548
4412
1549
4099
4413
449
450
4414
452
1553
3719
4415
2680
453
454
455
4416
456
3028
3725
1567
4417
1569
4418
4419
4420
4108
4421
1571
4422
4423
463
4424
3029
4425
4426
4427
468
469
3030
4428
1590
1591
470
473
3736
4429
1598
476
4430
3031
4431
4432
4145
2689
480
4433
482
4149
483
4434
4435
484
3762
1625
2693
4436
3771
4437
3038
4438
486
3776
491
4439
4440
4155
4441
4442
4159
4443
4444
493
4445
495
496
4446
1658
501
4447
2696
4178
4448
4449
503
1665
1667
4450
507
1668
4181
4451
4452
508
3792
2700
1672
512
4453
1682
4454
518
4455
4456
4457
520
4458
4459
4460
523
3044
4461
527
3045
3046
4462
4463
4200
4464
4202
4465
4466
1705
531
4467
4468
534
1713
4469
4470
1718
4471
4472
4473
3048
3049
4474
4475
4476
4477
4221
4478
4479
4480
539
1730
4481
4482
541
4483
542
543
4232
4484
1747
2625
4485
3848
3411
4486
1751
288
3412
4487
2628
3056
4488
1754
4489
3437
1756
3456
308
2632
3879
3471
4490
4491
4492
2637
3070
1760
4493
4494
3481
2638
3485
1767
1769
329
330
3497
4495
4496
338
342
344
3082
4497
4498
3512
4499
4500
3926
2642
4501
3519
352
2644
353
4502
3529
4503
4504
358
4505
2648
3946
3545
4506
1785
4507
3547
4508
3092
3556
4509
2653
4510
1792
380
4511
1798
4512
4513
387
3113
4514
4350
3592
3593
4001
1803
4515
393
4516
4358
1807
4517
4518
4519
4520
3124
1810
3622
3126
2662
405
1812
4521
4522
3627
3628
3128
2664
1815
2666
4523
4524
415
4525
3648
416
417
4380
4526
420
4527
421
4528
423
4529
425
2673
4530
4531
4532
1821
4533
1826
3672
429
3148
3150
2675
2676
4534
4535
1830
433
3690
4400
439
3154
4536
4537
4538
1837
3157
3158
4539
449
450
452
3719
455
4540
4108
462
1854
473
3736
4541
4542
4543
4544
4545
4546
4547
4548
4549
4550
1864
4149
1868
483
484
4551
3766
3778
4155
4159
4443
4552
4553
493
495
4554
2696
507
2700
1874
518
4555
4556
527
4557
531
4558
4559
4560
1881
4561
1883
4562
4563
539
2710
4481
3837
543
2625
4564
4565
3848
3411
1894
3412
1896
1898
1899
4248
4566
3201
4567
3418
1902
4568
296
1906
4254
4255
3204
3434
3437
1911
3866
304
4569
4570
307
308
4571
3875
4572
312
3466
1919
1920
3472
317
4276
4573
4574
4575
4280
323
324
4576
4577
3487
1931
4578
1933
329
4290
330
331
3497
3499
4579
4580
4581
4582
3209
4583
344
1947
3511
4584
4585
4586
4587
4588
2642
351
1957
4589
3525
4590
1959
1960
356
3529
4591
4310
1961
358
4592
4593
359
4594
4595
4596
1963
4313
1964
3946
4597
360
3546
4598
3547
4599
2651
1969
368
3556
3214
4600
4601
3961
4602
4603
1974
4327
3969
4604
4605
380
3216
1979
4606
4607
4334
4608
4609
4610
1985
4340
4611
4612
4613
4614
3587
4345
387
1988
4350
4615
3592
4616
389
1991
4617
4618
4619
4620
4001
392
4621
3600
4622
394
395
3601
1998
3606
3219
4623
3609
4624
4625
3619
404
2662
405
3220
4626
2014
3626
4627
2018
4628
2666
4366
2024
4033
4629
2030
2031
2032
4630
4631
4380
4632
4526
2035
4633
420
4051
2036
3223
421
4634
4057
425
2672
2673
2043
4389
4635
3675
2676
4636
4397
4075
2051
432
433
3225
3690
4400
436
2056
4403
4637
3694
4638
4639
3695
2059
4536
4640
2065
4641
3227
4642
4643
3704
448
4412
3713
449
450
4414
452
2680
453
454
455
2071
2072
462
4644
466
468
4645
469
4646
2082
2084
473
2085
4647
3736
3737
4429
3234
4648
4649
475
4650
4651
2689
480
4550
4652
4653
4654
3761
4149
483
484
4655
4656
3771
4657
4658
486
3235
3773
3776
491
2107
4155
4659
2109
3781
3782
4660
4661
2111
2112
3238
3239
495
4662
3240
4663
4664
4665
4178
2115
4666
507
4181
508
3792
4667
4668
4669
517
518
4670
4671
4672
3242
4673
3244
4460
4674
527
4675
2128
2129
534
2138
4676
3246
4677
4678
4679
2144
3247
4680
539
4681
543
4232
4682
4683
4684
2147
4234
2625
4685
4686
3408
4687
3411
286
4688
288
4689
2150
3412
4690
2155
4691
4692
296
4693
4694
3861
3254
2160
4695
4256
4696
3448
4697
4698
4699
2165
308
2167
4700
2633
3875
4701
3879
4702
4703
2175
4704
3472
2176
4273
4492
2637
317
4705
319
3891
2179
4706
4281
324
4707
4708
4709
4710
3492
3902
3259
4711
4712
329
4713
330
4714
331
3497
4715
4716
2188
337
4717
341
344
4718
4719
4720
2201
3926
2642
3519
4721
351
3930
2205
352
4722
3522
4723
357
4724
2209
358
4725
3536
2648
4726
362
4727
2221
3556
4728
4729
2653
4730
3969
4731
4329
376
2226
2227
4732
380
4606
4733
3981
4734
4735
2236
4340
4736
4341
2240
2241
4737
3587
4738
387
4739
4740
4741
4514
4742
3592
4743
3997
3273
3275
4001
393
395
2251
2254
2255
4744
4745
4746
2258
4747
4748
4749
404
3622
4750
2662
4751
407
2269
4752
2273
4753
2669
4754
4372
4755
4041
4756
4757
416
417
4758
4759
4048
4760
420
421
4056
423
2280
4057
3665
425
2673
4761
3282
3668
4762
4763
2675
2287
3283
2289
4764
4765
433
4766
4767
3690
4768
436
4769
4770
4403
3692
3288
3694
4407
4083
4085
4771
2297
4536
4772
4537
4773
4774
445
4775
3704
4092
2299
4099
4776
3713
449
450
4777
4414
452
4778
4779
3718
2302
2680
453
454
455
2303
456
4780
4781
4782
3295
465
2309
2311
4119
4783
2315
4784
473
4541
4785
2316
4786
475
476
2318
2319
3298
4787
4788
3300
4789
2320
4790
4546
4145
4791
480
4550
4792
4793
4149
4794
483
3304
4795
484
3305
486
3776
491
4796
4159
4797
3306
4443
2332
4798
493
4799
2333
495
4800
2338
4801
4802
4803
2340
2696
4448
507
4181
508
4804
2700
2343
2345
4805
518
2348
4806
4191
2349
522
4807
4808
2350
3310
4809
527
3806
4810
4811
4812
4813
2355
4200
2356
4202
4814
4815
4816
531
4817
534
3820
4207
4818
4819
4820
4220
2367
3312
4225
539
2710
4821
3830
2711
4822
3836
4483
542
4823
4824
4825
4234
2625
4826
4564
3850
4827
4828
4238
4829
3411
3412
4830
4831
4832
4251
2628
296
4833
4834
3315
3427
4835
3861
4836
4489
3437
4837
4838
2385
3868
3445
3319
3320
3871
308
2392
4701
4839
3322
4273
2401
2402
4840
2637
4841
4842
317
3891
3323
4843
2406
4844
3481
4845
4846
4847
4848
3492
3902
329
4290
330
331
4849
4850
4851
4852
2414
2415
4853
337
3329
2419
4854
4855
344
3507
4856
4587
4857
4858
4859
4860
3926
4861
2642
3519
2428
4862
352
4722
4863
4864
4865
3529
4866
358
3942
3335
3539
2434
4867
2648
3946
4868
360
4869
2437
3547
4870
4871
4872
2651
368
3556
4873
374
2653
3347
3969
377
4874
2451
380
4875
4606
4876
4877
4340
2459
4878
4879
4345
387
4514
2465
4880
4350
4881
3592
4353
2474
4882
4883
392
393
4884
3354
4885
3609
2480
4886
4887
4746
4888
2481
3622
2662
407
4889
4890
3627
2484
4891
4892
4366
3365
2669
4893
2492
2494
2496
2498
4377
4894
417
3654
4895
420
4896
421
4897
2501
4898
4057
4899
2505
425
4900
2673
4901
4902
4762
4903
4904
2512
2675
2676
4535
4905
4397
4906
433
3690
4401
4403
2515
4637
4907
4908
3694
4909
4910
4911
4912
4536
3373
4537
2517
445
4913
2519
4643
4914
4092
4915
4916
4917
4918
4919
3713
449
450
4414
4920
452
3719
4921
2680
454
455
4922
4923
4924
3725
3379
4925
2535
4112
4926
2540
466
468
469
2543
4927
4120
4928
473
4541
2551
476
4929
4930
4931
4932
2555
2556
4546
3383
4145
4933
2560
4550
4934
4935
4793
4936
4937
4149
483
484
2566
3767
4938
3387
486
3388
3776
4939
4443
4940
493
2695
4941
495
496
4800
4942
4943
4944
4945
2696
4946
2584
507
2587
508
4947
4948
2700
4949
4950
518
4951
4455
3393
522
4952
4953
4954
4955
4956
4200
4957
529
4958
4816
531
4959
534
4960
2608
2609
4472
4961
536
4475
4962
4963
4964
539
2710
4965
4966
4967
2616
2711
4968
3837
543
2621
4969
4970
4971
4972
4973
4974
551
4975
3847
3849
3410
4976
556
4977
558
4978
561
3853
4979
562
875
4980
3854
2714
876
569
4981
3859
4982
4983
572
3860
4984
4985
2815
3430
4986
4987
579
880
2717
2816
4988
882
4989
4990
884
3870
4991
887
585
3457
3459
889
4992
3876
890
891
2720
4993
892
893
4994
3880
2721
894
3884
3886
4995
2722
4996
900
901
4997
597
4998
4999
5000
903
602
5001
907
5002
3482
5003
608
3898
3486
911
611
5004
3490
5005
3491
3493
5006
914
3903
916
917
5007
5008
3909
2836
5009
621
3915
2731
5010
3504
2838
2732
3921
629
630
5011
5012
5013
3513
5014
5015
5016
5017
640
934
935
3523
641
5018
936
3931
3932
642
5019
938
5020
5021
3530
2844
3533
2846
5022
5023
947
5024
5025
650
5026
652
3948
5027
5028
3951
955
5029
5030
958
5031
3553
5032
5033
960
961
3555
5034
5035
5036
3957
5037
3962
5038
659
3963
2857
969
2742
3970
5039
5040
666
3974
2862
3977
668
3979
977
5041
671
672
3576
2744
676
5042
5043
2868
3990
680
2872
5044
986
681
5045
3591
682
2878
5046
5047
3596
5048
3597
4002
2883
5049
998
692
4010
5050
4013
5051
5052
5053
5054
3613
5055
5056
699
2749
701
702
1005
703
704
5057
1008
5058
2751
1011
708
2892
709
710
2894
2895
711
2897
1014
713
4026
4028
2752
3636
5059
2753
5060
3638
1015
3640
1018
5061
4035
5062
5063
5064
5065
4036
5066
4037
4038
4040
2756
721
3647
4042
4044
5067
3651
5068
4049
4050
5069
5070
727
5071
1028
4052
5072
5073
734
736
1035
1036
5074
2910
4063
2762
4068
5075
4072
741
3676
1044
5076
2916
5077
3681
1045
742
1046
744
1047
5078
4077
2765
5079
4080
1049
5080
5081
1051
4082
1052
5082
3703
5083
5084
5085
760
4096
5086
3712
5087
766
772
4105
2929
4106
5088
5089
4107
4109
2933
5090
1072
1073
5091
781
2936
2937
5092
782
784
3733
1077
5093
1079
4126
2781
3743
5094
5095
5096
4135
793
3745
1082
4139
2943
2785
3748
5097
1083
1084
5098
5099
5100
5101
2947
2949
2788
2790
1090
1092
5102
2791
808
809
5103
4153
4156
4158
1094
818
819
5104
4162
5105
5106
4167
824
1096
4169
826
5107
2794
5108
5109
5110
2958
4172
2959
5111
833
1105
837
5112
5113
5114
842
3798
1108
843
3799
3800
1109
846
5115
3802
1111
5116
1113
2799
5117
5118
850
2803
5119
3814
5120
5121
5122
3821
2983
5123
2984
859
4215
860
4217
862
5124
5125
4223
5126
2805
3826
1133
5127
2986
4230
2806
5128
5129
5130
868
547
549
4235
4237
5131
5132
1142
4241
1146
1148
5133
5134
1150
2992
4243
1151
4244
562
4245
4246
566
5135
1152
568
569
1154
5136
2995
2996
2997
572
573
2998
4253
3430
1167
5137
577
5138
4987
5139
580
5140
4988
4258
5141
4261
1188
4262
584
5142
3457
1194
1195
5143
3459
588
5144
3460
4267
592
1202
1204
593
1207
1209
3468
1212
2722
4274
597
4275
1221
4278
5145
5146
601
602
4283
5001
1234
3482
608
3486
5147
5148
611
3490
5149
3493
5150
5151
5152
5153
1253
5154
1256
5155
1258
3003
623
1271
627
628
5156
635
3513
3514
3516
5157
4303
1295
4305
640
5158
641
1304
5159
2736
4308
5160
3533
5161
1323
4312
3541
5025
5162
5163
4316
1335
4321
1341
3554
3555
3557
658
1360
5164
2742
4328
664
1370
666
1371
1375
668
5165
1377
4333
5166
5041
672
3576
4338
1382
5167
676
1391
1393
5168
680
3586
3589
1400
5169
681
5045
3591
1404
1407
686
1412
688
1415
690
4354
1422
3010
3602
692
695
5170
3608
5053
3012
3613
5171
5056
699
3614
5172
5173
4361
702
5174
5175
3618
706
3624
3014
2751
709
3016
710
711
1447
3632
3017
5176
713
4364
2753
1455
716
4369
4370
1465
5066
718
2756
3018
5067
1478
3651
4378
5177
3656
726
727
1486
4381
1487
1488
1490
4383
5178
733
5179
734
736
1497
4385
1501
1503
5180
5181
2762
1509
5182
3671
5183
4392
1511
5184
3679
1515
5185
742
1518
3685
5186
4398
744
5078
4402
3691
4404
4406
3693
1529
748
1530
3023
3024
1531
3025
5187
3026
4409
5188
3703
5189
5084
5190
761
762
5191
5192
3709
1549
5193
5087
766
1553
5194
769
5195
3028
1569
2777
3727
778
5196
4422
5197
4424
5198
3029
3731
5199
5200
1591
5201
2781
3743
1598
793
5202
3031
795
796
5203
797
798
2785
5204
800
4432
5205
5206
4433
1617
5207
3036
1623
1625
806
5208
2791
809
3770
3038
5209
3039
5210
5211
818
819
5212
824
826
3042
827
5213
1658
832
833
834
3790
1665
5214
1668
3793
5215
5216
842
3798
843
1682
3799
5217
846
4458
3802
5218
3803
3044
5219
5118
5220
3046
849
851
4463
5221
2803
4465
1705
3821
1718
4471
859
5222
3048
3049
5223
862
4477
3050
4479
2805
3826
1729
1730
5224
1734
3832
1740
867
3839
5130
868
5225
5226
1747
549
4976
1751
5227
3413
5228
5229
3417
5230
569
5231
3056
5232
5233
577
4488
1754
5234
4988
1756
5235
3063
5236
5237
3065
5238
5239
5240
5241
3470
5242
2722
5243
5244
5245
5246
3070
1760
5247
5000
4493
4494
599
602
5001
5248
5249
608
3486
1764
1767
3495
1769
5250
3077
5251
5155
5252
627
3082
630
3509
1776
3513
5253
5254
5255
3083
5256
5257
5258
4501
5259
5260
640
641
5261
3530
1780
5262
4505
5263
5025
1785
5264
3092
5030
5265
1787
5266
4510
5267
1792
5268
3102
5269
668
5270
5271
3573
5272
5273
5274
2744
676
3108
5275
1798
4512
680
5276
5277
3113
5278
5279
5280
5281
5282
5283
1803
692
3605
5284
1805
5285
1807
4517
5286
5287
5288
5289
4518
5056
2749
4519
703
5290
3124
5291
705
5175
1810
3126
1812
4521
5292
2751
708
4522
710
711
3128
5293
3631
713
1815
2753
716
2754
4525
5294
5295
5296
726
1817
4528
734
1819
736
3142
1820
4530
5297
5298
1821
4533
1824
3671
5299
1826
2764
3150
741
3676
5300
3681
1828
1829
1830
744
5301
745
5079
1832
5302
1833
5303
3154
1835
5188
5304
5083
1840
3156
2773
760
3157
3158
5305
766
5306
5307
5308
5088
3726
3727
5309
778
5310
5311
5312
782
1851
3733
1854
5313
5314
2781
3168
5315
3743
4544
793
3745
5316
1861
1862
795
797
2785
5317
5318
4547
4548
1863
4549
1864
1865
1866
2788
1868
5319
5208
809
1870
5320
5321
3777
5322
5323
3179
5324
824
826
2793
5325
5326
833
837
5112
840
841
1874
3187
3798
843
3799
5217
5327
5328
5329
4555
5330
3803
5331
5332
4556
5333
5118
5334
2803
3191
854
1880
4559
1881
5223
4561
2805
3826
4563
1885
5335
5336
5337
2806
5129
868
5338
5339
5340
549
550
5341
5342
5343
3410
5344
5345
1894
5346
5347
1895
5348
1897
5349
1898
1899
562
3201
5350
1902
569
4568
3202
4983
3425
572
5351
5352
1908
5353
577
5354
580
5355
1911
5356
5357
1914
5358
3453
4991
5359
3457
1915
4571
5144
5360
3460
5239
5361
2720
5362
5363
3463
593
1919
5241
5364
1923
597
5365
5366
5367
599
1925
602
1926
5001
3482
5368
3483
606
5249
4576
3486
5369
5370
1931
611
3490
3491
5371
1932
5372
4578
1936
5373
1940
1942
1943
5374
1944
5375
5376
624
5377
4582
4583
1947
2732
630
5378
5379
5380
5381
5382
3513
5383
5384
5385
5386
5387
640
1957
5388
5389
5390
3524
2736
5391
4590
1959
1960
4591
5021
1961
1962
3533
4593
5392
4594
4595
5393
4596
5394
5395
3538
1963
5396
1964
5163
5397
652
5398
5399
5400
5401
3213
5402
5403
655
5404
5405
5406
5407
3555
1969
3214
5408
5409
4600
660
5410
5411
4602
1974
5412
5413
2742
4604
5414
5415
5416
5417
668
5418
5270
5419
5420
5421
5422
5423
5041
5424
5425
4609
671
672
5426
5427
5428
3576
5429
5430
1985
5431
676
5432
5433
680
4614
5434
3589
681
5045
3591
5435
4615
682
5436
5437
5278
1991
685
5438
5439
5440
5441
4619
3598
5283
4621
690
4622
5442
5443
5444
5445
5053
3613
699
3614
5446
2749
2008
3615
702
703
5447
4625
5448
3624
2013
5449
5450
2751
2014
2015
2016
4627
2018
709
710
711
3631
3632
2020
713
2022
2752
2023
5059
2753
5451
5452
716
2024
2754
5453
5454
2026
718
2756
721
5455
2031
3649
5067
2032
3651
4630
5177
5456
3222
3658
727
2035
4633
2036
3223
5457
5458
5459
5460
734
5297
5461
2762
3224
3671
2764
5183
5462
5463
5464
3676
5465
5466
5467
5468
5185
3681
2049
3685
5469
744
5078
3225
5470
3691
2056
5471
748
5472
5473
5474
5475
2064
2065
4641
756
5188
3703
5476
5477
5478
5479
5083
5480
5481
5482
5483
5484
5485
5486
3711
5487
2069
5488
766
771
5306
2071
772
5489
5490
5491
5492
5493
5494
2072
5495
2073
2074
3726
2076
5496
2077
5497
5091
5498
5499
3731
4644
5500
5501
2082
2083
5502
5503
2085
2781
4647
5504
3743
3234
793
3745
5505
5506
5507
2093
5508
5509
797
5510
2785
3748
2096
4652
2098
4654
5511
2100
2101
3764
4656
5512
2105
2791
809
3770
5513
5514
5515
3235
5516
5517
5322
2107
818
819
5518
2109
5519
5520
5521
5522
5523
824
5524
4660
5525
826
2111
3238
2113
4662
2114
5526
4663
5527
833
4665
5528
5529
2115
4667
2118
842
3798
5530
843
2121
3799
5531
5217
3800
5532
5533
846
4670
847
3244
5534
4674
5218
3803
2799
5117
5535
5219
5118
4675
2128
5536
2129
5537
2803
2133
854
3812
5538
3814
5539
5540
5541
5542
5543
2136
2138
5544
859
3823
4677
5545
5546
2143
862
5547
4679
2144
5548
2805
5549
3826
5550
4680
4681
3248
5551
5552
866
4682
4683
4684
5553
5130
868
549
551
3407
5554
556
4977
5555
562
566
4691
2714
3420
568
569
2156
4692
5556
4693
5557
5558
2158
3252
5559
3430
576
577
5560
3435
2160
5561
5562
583
4697
4698
5563
584
5142
3457
2164
2165
2166
2167
2168
5564
592
5565
4702
2172
4703
5566
3468
2175
2176
2722
5244
597
2178
4705
3479
5567
5145
602
2182
5568
3482
5569
4707
3486
4709
5148
611
3491
3493
5151
5570
3259
5571
3260
5572
2185
5152
5573
5574
3261
4713
5250
4714
2726
4715
3262
2188
5575
623
3505
627
5576
4718
2193
5577
2195
632
3513
5578
2198
2201
5579
4721
2205
640
3523
5580
3526
642
5581
5582
5583
5584
2209
2210
5585
647
2214
3540
5025
4726
650
5162
3267
5586
5587
2219
5588
3553
2221
2224
659
4730
4731
2226
2227
4732
5589
668
2229
4734
2230
674
5590
2744
4736
675
676
3578
2238
5591
2240
5592
5593
680
3586
4737
4738
681
5045
3273
686
5594
3275
3597
5595
5596
690
691
692
5597
5598
2251
695
2254
3608
3613
5056
699
4745
2257
3277
2258
702
703
5057
2261
4748
5599
4749
4750
3624
4751
2751
709
710
2264
711
2265
713
2269
2752
5600
2753
3278
2274
5066
4755
5601
2756
721
5602
5067
3651
725
4758
5603
3656
727
2280
733
5604
736
3282
2283
2762
5182
3671
5605
2286
5606
741
2287
3283
5607
5184
2289
2290
742
5608
3685
744
5078
2292
2293
4767
5609
3691
4769
4770
3288
3693
5610
2297
4773
5611
4775
5612
5613
5188
5614
3703
3290
5190
2299
762
5191
5615
5616
4776
3714
5617
5087
766
4779
770
2302
5618
3294
2306
5619
5620
5198
782
5621
3295
2308
784
2311
2312
2315
4784
3743
2316
5622
2317
2318
2319
5623
5624
3300
2320
2321
795
5625
798
2785
800
5626
2324
3754
5627
2788
5628
2325
3304
5629
2790
3305
2327
5630
808
809
2329
818
3306
822
4799
5631
2333
826
2335
5632
2337
831
832
3789
833
2340
839
4804
3793
842
2342
2345
4805
843
3799
2795
846
2346
3802
4806
2349
4807
2350
5633
3310
4809
5634
5635
5118
5636
4812
850
2356
2357
2803
4814
4817
3821
4818
859
2363
5637
860
4819
5223
862
4820
2367
3826
4821
5638
2806
5639
867
3839
5640
868
5225
549
3405
5641
559
5642
4831
562
5643
3417
2377
5644
569
5231
2379
3314
4835
5645
3430
3316
577
5646
3435
3317
5647
2382
5648
5649
2385
5650
5651
3319
5652
3320
5358
2388
5653
2391
2392
5654
5362
592
5655
5656
5657
2397
3468
2399
5658
3470
2401
2722
2402
5659
5660
4841
597
2406
5661
5662
5247
4844
599
602
4847
5001
5663
5664
5665
5666
5003
608
3486
611
5667
3495
5152
5250
5668
5251
5669
5670
2726
4849
5671
5155
5672
2414
5673
2415
5674
2418
5675
624
2419
627
4854
2420
630
5676
3509
3513
5253
5677
2424
5678
5579
5679
3331
2426
5680
2734
2428
4862
640
5681
2429
5682
4864
5020
3530
3334
646
5683
3335
5684
5685
5686
2434
4867
2435
652
2437
5687
5688
653
5689
5030
5690
5691
5588
5692
5034
5038
659
5693
3343
2446
3347
5694
5695
2450
4874
2451
5696
4875
668
5271
5697
5698
5272
2456
5431
5699
2459
675
676
5700
4878
5701
3350
5702
5703
680
2465
2468
5704
2472
686
2474
5281
5282
5705
2475
3598
5283
690
5706
5707
692
4884
5284
3354
5170
5708
2480
5709
4886
5056
5710
700
2749
702
703
5290
705
2481
2751
5711
708
2483
710
711
2484
5712
5713
713
2485
5714
2753
2488
716
2754
2490
5715
3365
5716
2491
4893
2492
5717
2756
721
2496
5067
5718
5719
3651
725
4895
3656
726
2501
5720
4899
5721
2505
734
736
5722
5723
5298
5724
2510
2762
5725
3671
2512
2513
5726
5727
741
3676
5728
3681
3685
744
5729
2765
745
5730
5079
3691
2515
5731
5732
5733
5734
750
5735
2517
2518
2519
5188
5304
2522
5083
5736
5737
2523
760
5738
762
5739
5740
5741
4919
5742
3712
764
766
5743
5744
769
5745
5746
5306
4924
5747
3726
3727
3377
5091
5748
5749
2535
782
5750
2536
2539
784
2541
2542
3733
2543
2546
2547
4928
2781
3743
5095
2551
5751
793
3745
4931
795
2553
2785
5317
5752
2555
2560
5753
5754
2562
801
4936
3385
2788
2790
806
2566
2568
5755
4938
5756
2791
3769
809
2570
5757
5758
3388
5759
818
5760
4940
823
5761
3784
824
826
5762
5763
2578
4944
4945
5764
831
832
833
4946
837
5112
2587
3392
3793
841
842
843
5217
2795
5765
3802
2598
5766
3803
4952
5767
5118
4955
5768
850
851
5769
2602
854
5770
3814
2604
4960
2608
2609
859
4961
5223
5545
861
862
2613
2805
3826
3399
2614
4965
5771
3401
2806
866
2618
867
2620
4970
868
5772
3845
5773
3846
2990
4236
3849
3851
1142
4239
1148
2991
5774
4243
1151
4246
2994
875
877
5775
1154
5776
5136
2995
3859
5777
2998
4253
2999
4257
4258
4261
1188
3870
5778
1194
1195
5779
5780
889
5781
3874
3876
891
892
893
4270
1202
5782
3883
5783
895
5784
1212
897
1214
3000
901
4275
3892
902
5785
4999
903
5786
1238
5787
5004
5150
5788
3001
5789
4288
5790
5791
917
1256
919
5008
2836
921
922
1264
3003
5792
3004
1271
924
5793
4295
4296
5794
1275
5011
5795
1280
1293
1295
5158
1306
3932
5796
5797
5019
938
3933
5798
3940
1323
944
946
947
1330
5026
950
4316
954
1337
958
5799
1341
960
961
1343
962
3962
1352
3963
5800
1360
5801
968
969
4328
3970
5802
5803
5804
3007
1370
5805
5806
2862
976
1375
3978
5165
4333
3008
977
5807
1382
5808
4339
5167
5809
1391
1393
4342
5810
3993
1399
5169
5811
1404
5812
1406
1407
991
1408
5047
3999
1412
4000
3009
1415
4354
1422
3010
5813
998
999
1000
1001
5814
3011
3012
1004
5173
5815
5816
1007
3014
1012
1443
3016
2893
3017
5817
5818
1453
4028
5819
1455
4367
5820
4034
1460
5064
4037
4373
2900
1023
5821
4042
3018
4044
1024
1478
4378
5068
4050
1486
4052
5822
1488
1490
1029
1032
5823
5824
5825
1497
1035
1036
5826
4063
1037
4065
4066
5827
1509
3020
4392
1041
5828
1042
5829
1045
4396
3021
1046
5186
1048
5830
4404
4080
1529
1530
1052
3023
1531
4408
5831
5832
3025
3026
5082
1059
3027
4094
5833
5834
1548
1060
1549
1551
4413
5835
1553
5836
1063
4415
1066
5837
3028
4105
5838
5839
1068
1567
5840
1071
4109
1571
5090
1073
5841
4422
5197
1074
3029
5842
5843
5844
3030
5845
1077
5846
1591
1079
4125
4128
5847
4131
5848
5849
5850
3031
5203
5851
5097
4143
4144
4432
1609
4146
5100
2945
5852
1085
4433
5853
5854
5855
5856
4434
1623
1625
5857
5858
5859
3037
3038
3039
4439
5211
5860
4442
4158
1094
5861
4166
5862
1100
5863
1658
1103
4447
1104
5864
1107
5865
5866
5867
5868
5869
1110
1111
5870
1113
5871
4192
3044
1117
1120
3045
1122
3046
4462
2972
1123
3047
1705
4468
1126
2984
3048
3049
5872
4477
3050
5126
3051
1729
1730
1133
5873
3052
1734
5874
1740
5875
1134
1744
5876
5877
4974
5878
5879
1751
5880
5228
2811
5881
878
5882
2814
5883
5884
3056
5233
5885
1754
880
3057
2816
882
1756
5886
1758
5887
890
891
892
893
5782
3884
2822
897
5888
4490
5889
5890
4493
4494
5891
5892
2826
911
5893
5894
2830
1766
5895
1769
4495
918
2836
5896
5010
3917
5897
2838
3082
5898
5899
5794
2839
929
5795
5900
3083
5901
5902
5016
5260
938
3087
5903
5904
5905
5906
1780
5907
5908
4505
5909
947
5910
5911
5912
5913
1785
3092
5029
958
1787
960
5914
3962
1792
3970
5803
973
3101
3102
2862
5915
977
5916
2866
3108
5043
5917
5918
4512
2869
5919
3113
5920
2878
3114
5921
5047
2882
1803
4515
1804
5922
4516
5923
5050
5924
5925
5926
5054
5288
5927
5928
1005
3124
1810
1008
5929
3126
1812
4521
5292
1011
5930
2892
2893
3128
3129
4024
1014
1019
5931
5064
4042
4525
5295
5932
4046
4050
5069
1817
4527
4528
5933
1035
5934
4063
1821
5935
4533
5936
3145
3146
5299
1826
3147
3148
3150
4534
5937
5938
1046
5939
5940
5941
1831
1833
5942
5943
1058
4090
5944
1840
4095
3156
5945
3158
5834
4096
5946
1061
5947
5948
1067
2930
1068
2933
5090
5312
2939
1851
5949
5950
5842
5951
1077
5846
1854
5952
1857
3168
4130
4131
4544
5953
5954
2944
5955
4547
4548
2945
1863
4549
5956
5957
1085
5101
1864
1865
1866
1867
1086
2947
5958
2948
2949
1868
5857
4551
5102
2951
3177
5323
3179
1094
2955
5959
5324
4166
5107
5960
5325
5961
5109
2958
5962
5963
1105
5964
5113
1874
3187
4188
5327
1109
4555
5116
5965
5966
1119
2972
5967
3191
5968
1125
4557
4558
4559
2980
1881
2984
1882
4561
5969
4217
5970
1131
4563
5335
2986
5336
5971
5972
1889
5973
5974
3200
1894
1896
1898
1899
3201
4567
1902
3856
5975
5976
4568
877
5977
5776
3202
1906
3859
5978
5351
3204
1911
5979
5357
5980
5981
3870
887
3874
5982
890
4572
5983
892
893
2821
3883
1919
1922
5984
901
902
3206
903
5985
4576
3897
4577
5986
5005
4578
5987
914
1933
5789
5988
5790
1937
1940
1942
5007
919
920
2836
5375
922
923
3915
5010
3209
4583
5989
1947
2838
5990
3921
3923
5795
5991
4584
1950
5992
5993
5994
934
1957
3932
5995
5019
4590
1959
1960
4591
1961
1962
4593
5906
4596
944
1963
946
1964
947
4597
948
5026
5027
5399
4598
5996
954
955
958
4599
960
961
3214
5997
5037
5998
1972
3962
3963
1974
5999
968
3970
5802
5803
6000
6001
5805
3216
2862
1979
976
977
978
4609
1985
6002
6003
4613
5917
5810
4614
2872
1988
6004
988
6005
4617
5047
994
4619
6006
6007
998
2885
5814
3219
5051
2004
6008
6009
6010
1004
6011
2009
1007
1008
3220
1012
2014
2016
2018
5817
3221
4025
1015
2024
5820
1019
5064
4037
2026
2900
6012
1023
4629
2030
2031
1024
2032
6013
6014
4630
5068
4631
5456
5070
2035
4633
6015
4052
3223
4634
1029
1030
6016
1032
6017
5825
1036
5826
4063
1037
1038
4066
4067
2043
1044
5829
1045
1046
2051
4077
3225
6018
2056
4080
1049
2058
4082
2059
1052
5831
6019
4640
2065
3227
4642
5082
4090
6020
4095
6021
1060
3229
4096
6022
5486
6023
2071
4105
1068
2072
6024
2076
4107
5090
1072
1073
5841
4113
1074
6025
4644
5500
5844
1077
2082
2084
6026
4125
2085
4126
2941
3234
4648
4649
1082
6027
4139
2091
6028
6029
2943
5097
4143
1084
4146
2096
4652
1085
2099
2100
2101
6030
5857
1092
6031
5103
3235
2107
4659
2108
4158
1094
6032
2109
4167
4660
4661
5107
5960
3238
3239
6033
2114
3240
1100
4663
3241
5111
1104
6034
6035
2115
4667
6036
1107
5868
6037
2122
6038
4670
1110
4672
3242
1111
3244
1113
4192
4193
4674
6039
4196
4675
2128
2972
1127
5123
3246
2143
4679
2144
3247
1132
1133
4226
4681
6040
6041
2987
4684
870
2147
6042
3846
5554
3851
4688
3250
6043
2150
3853
4690
2155
3855
2156
4981
2814
3859
4693
5777
5558
3252
6044
6045
5559
6046
2160
6047
6048
6049
6050
2816
4696
5562
6051
4697
883
884
4698
3870
2164
6052
2167
2820
889
5781
3876
890
891
6053
6054
892
893
6055
4702
2172
5782
895
2822
6056
2175
897
2176
899
5890
3890
901
2178
4705
6057
2179
6058
4706
6059
6060
903
2182
6061
6062
6063
4708
4709
6064
5004
912
6065
6066
3259
5571
6067
5790
3261
4713
917
6068
4715
3262
919
2188
923
6069
924
6070
2192
5793
6071
3917
5899
2193
5011
6072
6073
2840
2200
930
2204
4721
6074
6075
2205
934
935
936
3932
6076
5019
4723
6077
938
939
3933
6078
2209
6079
941
4725
5585
2846
6080
6081
946
947
6082
6083
950
6084
3267
6085
954
6086
958
6087
2219
6088
960
961
2221
5036
6089
3962
964
3963
6090
2859
4730
969
4731
3970
5802
5803
5039
2226
972
2227
4732
973
6091
975
2864
2229
4734
2230
978
2237
2866
6092
6093
983
6094
2868
2238
2239
2240
6095
4738
986
4741
6096
6097
990
3273
5921
6098
2246
3275
6099
2882
6100
6101
2883
2249
6102
6103
4005
998
6104
2251
1001
5050
2254
6105
6106
5054
1004
2889
3277
2258
1005
6107
2261
1008
4749
1012
6108
6109
2893
6110
2264
2895
2265
1014
5817
4026
2266
4028
2269
5600
6111
6112
3278
6113
5931
2274
5064
5065
4037
2900
4040
1023
5821
4756
6114
4042
4044
5068
6115
4050
5069
2277
5070
4052
2279
1030
2280
5073
6116
1035
2282
6117
3282
4063
1038
4065
4066
5936
6118
6119
2914
2287
3283
5607
6120
2289
2916
6121
3285
1048
2292
2293
4767
6122
6123
4769
6124
4770
4080
3288
6125
5081
1051
6126
6127
1052
5610
6128
2297
4773
4089
4775
2299
5086
4776
1061
4779
5947
6129
2303
6130
1066
2929
2930
5618
1068
5089
6131
6132
3294
4109
6133
1072
1073
6134
1074
3295
5842
6135
5843
5844
2311
6136
6137
5846
2313
2315
4784
4123
6138
4131
2942
2316
6139
2318
2319
3298
3300
2320
2321
6140
5625
5851
5097
4143
6141
4146
6142
2324
6143
5101
2947
6144
2948
6145
5856
2325
3304
3305
1089
5857
6146
6147
1090
1091
1092
6148
6149
6150
2329
6151
4158
1094
2955
6152
3306
6153
5104
2333
6154
1097
6155
5632
2338
6156
1101
2340
6157
1105
6158
2964
4804
1107
2345
6159
5868
6160
4188
1108
4805
1109
2346
5869
1110
6161
2347
6162
6163
1111
6164
1112
5870
1113
2349
6165
4194
6166
6167
2350
3310
4809
5634
3311
5635
2355
6168
2356
2358
6169
5968
6170
6171
6172
6173
6174
5123
6175
2363
6176
6177
4217
5872
3312
5126
2368
1131
6178
6179
4226
6180
4821
5875
1135
2989
6181
870
6182
6183
6184
4974
6185
3851
6186
6043
3853
4830
6187
4831
875
2811
3855
4832
3856
3857
4833
5882
2814
3859
3314
3315
4835
3316
6046
6188
6189
6190
2385
2816
2387
5651
3319
882
3320
883
887
5653
2390
889
2392
3876
890
891
5983
892
893
3322
5782
3884
895
2822
4995
2399
2401
5890
2402
901
6191
2406
5662
6060
4844
903
4845
5891
5892
5002
6192
4848
3326
6193
914
6194
6195
5668
6196
917
4849
5672
919
6197
2836
2414
2415
6198
6069
2418
5010
2419
5793
4854
3917
6199
5899
4856
5794
2839
5795
5013
930
2424
6200
4859
5993
6201
5016
2426
2428
934
6202
6203
2429
4863
5018
3932
6204
5797
4864
938
6205
6206
3933
4865
5905
6207
943
3335
946
2435
947
6082
5913
2437
5687
6208
5029
958
960
961
6209
6210
962
5036
2442
3963
2443
2857
6090
3346
968
6211
3347
969
3970
5695
6212
4874
2451
973
6213
3974
4875
2862
975
3977
6214
2864
6215
977
6216
6217
3985
980
6218
5699
2459
5043
6219
4878
3350
5917
6095
6220
6221
2463
6222
986
2465
6223
4881
6224
6225
2472
3999
6226
2882
2475
4005
998
4884
5050
3354
4885
4013
6105
5051
2480
5709
5054
4886
4887
6227
3355
6228
1005
1008
1011
3358
6229
2892
2893
2896
4024
2897
1014
5817
2485
4026
4028
2488
6112
1019
3365
5716
5931
5063
5064
2491
2492
6230
1023
2494
6231
6232
6233
5068
4049
4050
5069
5070
6234
4896
4052
2501
4898
6235
4899
2505
5824
5073
6116
2909
4059
4063
1038
4066
4067
5936
6236
2911
1042
5829
2916
4905
1046
4077
5940
2515
6237
1049
6238
6125
4908
4909
5081
3372
1051
6239
1052
1053
3373
2516
6240
2518
2519
4090
6241
5736
2523
6242
3374
6243
6244
4096
5086
4919
6245
1061
5743
2929
1068
3376
6246
2530
3377
6133
5090
1072
3379
1073
6247
5748
2535
6248
1074
2939
5750
5842
2540
4118
5844
2541
2542
6136
2543
5846
6249
2546
4928
4125
6250
3382
4130
4131
6251
2551
6252
6253
6254
6255
4930
4931
6256
2553
6257
2943
5851
2555
2556
2944
3383
1084
4146
2560
6258
1085
5101
2562
3384
2947
6259
2948
2949
5854
6145
6260
5857
2566
6147
1090
1092
2951
2570
6261
5757
3388
6150
4939
6262
6263
6264
4158
2574
1094
2955
6265
5105
6266
2577
4169
6267
5107
6268
4945
6269
2958
6270
6271
6272
2583
4946
1105
2588
3392
2590
2591
5113
1107
2592
4188
6273
1109
4951
6274
3393
1110
2595
3394
6163
1111
2598
5116
1112
5870
4194
4952
5767
3396
4955
5768
6275
4957
2602
6276
5968
1125
2604
6277
1127
2983
2608
2609
6174
4215
6278
4217
2613
4963
5126
4964
3399
1131
6279
4965
5771
2616
3401
3402
5875
1134
4968
6280
2620
4969
6281
2990
6282
1750
5879
4486
1751
4241
5880
2992
4243
1151
5228
4245
2993
4487
2995
6283
6284
2997
5883
2998
3056
4488
1754
6285
1756
4260
1187
6286
6287
1196
1197
5887
6288
6289
4270
1202
1204
5784
1207
1209
1212
4490
3000
4275
6290
3070
1760
6291
4493
4283
1244
3001
3002
1767
6292
5895
1769
6293
1771
6294
6295
3003
3004
6296
4497
5900
4305
1779
1304
4308
3006
1323
4505
6297
1325
6298
6299
6300
1330
1785
3092
6301
1338
6302
6303
1360
5164
1791
1792
6304
3007
1371
1375
5165
1377
4336
6305
3108
6306
1798
1391
1393
4512
6307
6308
6309
4346
3113
6310
1406
1407
1408
3009
1415
1803
4515
6311
6312
4516
6313
1807
4517
6314
3012
4518
5172
4519
1809
1810
3126
6315
1812
3015
6316
3016
1447
3017
1815
6317
3018
1817
1487
6318
1490
4528
6319
6320
1819
1497
4530
5934
6321
4532
1821
4533
3020
3150
4396
3021
1830
1831
3023
1536
5187
6322
1837
6323
3157
3158
1549
1552
1844
3028
6324
6325
1848
1850
1582
5951
1854
5313
1591
1857
4543
4544
6326
1861
4545
3031
6327
1609
6328
1863
4549
6329
1864
6330
1865
1866
1867
3036
6331
1623
4551
3038
6332
3039
5210
5211
5959
4444
6333
5325
4554
1666
1668
4451
1874
6334
1682
1876
4555
6335
3044
4556
6336
1696
6337
3045
3046
6338
5967
3047
1705
6339
4557
4559
1881
3048
3049
1882
1883
4477
4562
6340
4563
3051
6341
1885
1729
6342
6343
1889
2990
5973
5131
6344
1142
4239
1891
1893
1146
1894
1148
5133
2991
1896
1897
6345
6346
2992
4243
1151
4244
1898
6347
4246
4567
6348
1152
1902
1903
5975
4568
2995
1906
6349
2998
6350
6351
4253
6352
6353
1167
6354
1171
6355
1909
1910
1911
1912
1913
6356
4257
5141
4261
4570
1188
6357
1193
1194
1916
1195
6358
4266
4572
1201
6359
6360
5363
4270
1202
6361
1204
5784
1209
1919
1920
1212
1923
4274
6362
6363
4275
4279
3206
6364
4282
1925
6365
6366
1926
6367
1928
1238
1930
3208
6368
1931
1241
6369
5150
1932
5372
6370
6371
1933
5988
6372
1256
1942
6373
6374
6375
4293
6376
6377
1945
3003
1946
3004
1271
4582
3209
6378
1947
4295
6379
6380
6381
4586
1950
6382
1285
6383
6384
1952
5157
4303
6385
1295
1296
1956
1957
1302
1304
5159
4590
1959
4308
1313
1315
6386
6387
1317
1961
1320
1962
6388
6389
4593
4594
1323
4312
6390
1963
1327
6300
6391
6392
6393
6394
1967
1337
4321
6395
6396
4599
6397
1343
1969
6398
6399
3214
5997
6400
4601
1972
6401
1360
5164
1974
6402
4604
6403
6404
3007
3216
1979
1375
6405
1377
4332
4333
6406
4607
1982
4609
1983
5807
6407
1985
5167
6408
1986
6409
1391
1393
6410
4344
6411
1988
5169
4615
5811
1989
4351
1404
6412
4616
6413
4619
6414
6415
6416
1412
1994
1415
1416
4621
4354
6417
1422
4622
6418
1998
6419
6420
6421
2001
4623
2004
6422
3012
6010
6423
5173
2008
6424
2009
6425
4625
2011
2012
6315
3220
6426
2014
4627
2018
1447
1449
4364
6427
1453
6428
2024
1458
6429
1460
6430
1465
6431
2026
2030
2031
3018
6432
1478
4378
4379
5456
6433
2035
2036
1486
3223
1487
1488
2037
2039
5178
5179
1497
6434
6435
4384
1502
6436
6437
2043
1509
6438
6439
1515
6440
2051
5186
4398
6018
2056
4405
1528
4639
2058
1529
1530
6441
2059
2060
6442
2061
6443
6444
4640
1537
2065
4641
3227
6445
6446
6447
1543
4642
6448
2066
6449
6450
2067
1548
1549
4413
1553
4416
2071
3028
6451
2072
1567
6452
6453
6454
1571
1572
4422
5197
3029
4644
6455
6456
6457
5199
5200
2081
1591
6458
2082
2084
2085
4647
2086
1598
3234
5850
5202
2091
1603
3031
6459
1604
5203
2095
6460
6461
5205
6462
2096
5206
4652
2099
6329
2100
2101
1625
6463
6464
2106
6465
3038
5209
3235
6466
3039
6467
4439
2107
5211
4441
4659
5860
6468
6469
2108
2109
2110
6470
6471
1644
6472
4661
6473
6474
6475
2114
4663
1659
6476
6477
2115
1665
5214
6478
4451
6479
5215
4667
5216
6480
6481
4453
1682
2121
2122
4669
6482
2123
2124
6483
4672
3242
1689
1690
6484
2126
6485
4675
6486
3045
5220
6487
2127
2128
3046
2129
6488
6489
4464
6490
1705
2135
6491
5540
6492
4468
1711
6493
2138
6494
1718
3246
2140
2143
4477
4679
2144
6495
6496
3052
4681
6040
6041
1740
3248
1744
6497
4682
6498
1747
4235
6042
6499
5554
6500
1142
4241
4689
6501
2150
1148
2153
1150
2992
4243
1151
4245
6502
4246
4691
6503
5136
2995
6504
6505
4693
2997
6506
1161
6507
2998
6508
2158
5138
1171
2160
6509
6048
6510
6511
6049
5561
6285
4257
4258
4696
5562
4260
4261
1187
4697
1188
4698
6512
1194
2164
2165
1195
6052
2167
5780
6513
1196
2168
1197
4267
6053
4270
1202
4702
2172
4703
1204
5784
1212
2175
6514
6515
2176
6516
6517
4705
6518
6519
2179
2180
6290
4278
6520
6291
6521
6522
2182
1234
6523
4707
6524
6525
2184
4709
6526
1244
6527
6528
3001
6529
3259
2185
4288
6530
3262
1256
1258
2188
6531
1263
1264
2189
3003
6532
2190
6533
1271
2192
4717
6534
6535
4296
6536
2194
1280
6537
6538
2198
2200
6539
6540
2201
6541
2202
6542
4299
1293
2203
4303
1295
2204
6543
6074
2205
6544
2206
1304
6545
5580
6546
4723
4307
6547
6548
6549
5584
2209
6550
3006
2212
6551
1323
6552
6553
1325
6081
2214
6554
4315
4726
1330
4316
2215
6555
3267
6556
6557
1339
4320
1341
2219
6558
2221
6089
2224
1353
5800
1358
6559
1360
5164
6560
2225
4731
1363
6561
6562
6563
4330
2226
3007
2227
6564
1370
6565
4732
1371
2228
5589
1375
6566
5165
6567
3008
4734
6568
6569
6570
2236
1382
6571
5167
6094
2238
1391
1393
2240
2241
1396
4344
4737
2243
6308
6572
4346
4738
4348
4739
4740
6573
1400
5169
4742
4743
1404
3273
1407
1408
6574
6098
6575
3275
6099
6576
6577
3009
2247
1415
6578
2249
1422
3010
6579
2251
6580
2252
6313
6581
2254
6582
2255
2256
4745
6583
6584
6585
4360
2258
6586
6587
5815
4748
6588
4749
4750
3014
6589
6590
2264
6591
6592
4365
2269
4752
4367
6593
6594
4368
2273
4753
2274
4754
4373
4375
4376
5602
6595
6596
3018
4758
2277
4381
6597
2279
2280
6319
1497
4385
6598
3282
1509
6599
4763
6600
6601
3020
2285
4392
1511
6602
4394
2287
6603
2289
2290
1516
3285
2292
4766
2293
4767
6604
6123
4769
4770
1526
4404
1529
6605
3023
3024
5610
1531
6606
2297
2298
1536
6607
6608
4773
4775
3025
5187
3026
6609
6610
5189
6611
2299
1548
1549
4776
4413
5835
6612
4779
1553
6613
2302
6614
6615
2303
6130
6616
3028
5840
1569
3294
2306
1571
4782
6617
1578
3295
1584
2308
6618
2311
3030
1591
2315
4784
6619
6620
1598
2316
2317
2319
3298
6326
6621
6622
6623
1603
3031
6624
2320
2321
5203
6625
5625
6626
6327
1609
2324
4433
6627
6628
3036
1621
2326
3304
4434
5629
1623
1625
6629
1628
3037
3038
2329
4796
3039
5210
6630
5211
2330
6631
3306
6153
6632
6633
2332
6634
4444
5631
2333
6635
3041
6155
5862
6636
4446
1658
6156
4803
4447
2340
6637
2341
6638
2343
6639
5865
2345
1678
4805
6640
6641
1686
6161
2347
2348
1687
6162
4806
2349
6642
6165
3044
2350
3310
2351
5634
5635
6643
6644
3045
1698
3046
6645
4812
6646
6647
2357
6648
2358
4814
1705
6649
6650
6651
4817
1717
6652
4471
4818
2362
3048
6653
3049
6654
6176
2367
3312
6655
1729
1730
6656
5224
6657
6658
1734
6659
4821
6660
6661
6662
1740
1743
1744
6663
6664
1746
1747
4235
1142
6665
4241
6666
2991
2992
1151
4244
4831
4245
6667
5643
2376
6668
2995
4833
6505
6284
2997
3314
6669
3315
4835
2998
6351
3316
1167
1171
6355
6670
4838
6511
2385
5651
6285
6671
3320
4260
4261
1187
1188
4262
1189
6672
2390
6358
1196
1197
2392
1201
4839
4270
1202
3322
1204
6673
2397
5784
1212
2399
5659
6674
4841
4842
4275
2404
6290
2406
6291
4844
1229
4845
4846
4847
4848
1238
1244
6675
2410
3001
5667
5670
4849
5672
1258
2413
6295
2414
5673
2415
6676
3003
2418
1271
4854
6677
6678
3330
2422
6679
6680
1291
2426
4303
2428
4863
2430
1304
6545
6204
4307
4864
4308
6205
6206
4865
6547
1317
3006
1323
6681
5685
1325
6682
2434
4867
4868
6300
1330
4869
2437
6683
4870
6557
4320
4322
1341
6684
2440
6685
6686
6687
6688
6689
1358
2444
6303
1360
6690
5801
5694
6691
5695
4874
2451
3007
1371
6213
6692
4875
1375
5165
1377
4333
6693
3008
1379
1381
2457
6694
4339
2459
5700
6695
5809
6696
1391
3350
1393
5703
4344
6221
6308
2463
4346
6697
2465
2466
1402
2468
6698
5811
1404
5704
6699
1408
2474
1412
6576
1415
2475
1416
2476
1422
3010
6700
6701
6702
4884
3354
6313
3011
6703
2480
4886
4887
5172
2481
6704
6705
1447
2484
1449
6592
6706
4363
2485
1453
2487
2489
1458
6707
3365
2491
4893
4373
2492
2493
1471
2494
2496
6708
3018
1478
4378
4895
6709
1486
1487
2501
1490
6710
4898
6319
6711
2506
1497
1502
4901
5724
2511
4903
2512
2513
3020
6712
4905
6713
6714
5830
4404
4908
1529
4909
1530
3372
3023
1531
6606
1536
5735
2517
6608
6715
6716
2518
3025
5187
2519
1543
2523
1549
5742
4413
5835
6717
6718
3028
4924
6719
2530
6720
2531
3379
4422
5748
6721
1574
2535
1578
6248
5750
2537
6722
2540
2541
2542
2543
2544
6723
6724
1591
2547
6725
1598
2551
6726
1603
3031
4930
1604
2555
2556
4933
2557
6328
5206
5754
6329
2562
3036
6727
4434
6728
1623
5755
4938
1629
6729
3387
3038
2570
3388
5759
4939
3039
6467
6262
5211
1640
4940
4444
2577
6730
5763
4446
2581
6731
2584
1666
2586
2587
4451
6732
6733
2589
5864
1672
4950
3394
1689
3044
6734
4952
1696
3045
4954
6735
5768
4956
4957
1702
6736
4465
2601
2602
1705
1711
4960
1714
6737
6738
3048
3049
4961
2613
4477
6739
4964
6740
3399
1729
6741
1734
2615
6742
2616
2618
2620
2621
4970
6743
2623
1747
1889
6744
5973
5879
4486
1751
1895
5880
6346
6745
1898
1899
5228
4487
1753
3201
1902
6283
6746
3056
3204
4488
1754
6747
6748
1911
1756
6749
6750
5887
6288
1919
1922
4490
5889
6751
6752
1760
3206
4493
6366
1762
6753
4577
5371
1767
6754
6755
5895
1769
1940
6756
6757
3209
1775
6758
6759
6760
5994
1779
1957
1959
1960
6761
1961
1962
1780
6762
4596
4505
6763
1963
6764
4597
6393
1785
6765
4508
3092
3213
1787
6766
6767
3214
1972
1974
6402
6768
1792
1793
6404
1794
3216
1979
6405
5915
6769
4609
6770
6305
6771
1798
4512
6772
6773
5919
3218
1988
3113
5920
6005
4619
1803
4515
4622
6774
6775
6312
5922
3219
2009
1810
3126
1812
4521
3220
5292
6776
3221
6777
1815
5451
2024
6778
2031
5456
3222
6779
2035
4633
3223
2037
6434
1821
4533
3224
3146
1826
6780
3150
6781
2051
1831
2056
1833
2059
3154
4640
2065
6322
1837
6782
3157
3158
5486
1844
3230
2071
3231
2072
2076
6783
1851
5951
1854
2082
2085
1857
3234
4544
1861
6784
2096
4549
6785
6786
1864
1865
2100
1867
1868
6787
2101
4551
6788
3235
6332
6789
5323
4659
2108
6790
6791
2109
5324
4661
2111
3238
5325
6792
2114
3240
4663
3241
2115
4666
4667
1874
6793
2122
4670
4555
3244
6335
2128
2129
6794
2132
6795
6796
4558
6797
1881
3246
1882
2142
1883
4562
4679
2144
4563
1885
4681
6798
3248
6799
4485
1750
5554
1751
2149
6800
3250
5880
6801
6802
2156
3252
3254
1754
2159
3057
2160
1755
6803
5561
1756
4698
6804
2165
2167
2168
1758
6805
2172
2175
5888
6806
6807
3068
6808
3070
1760
6809
2182
6810
1764
6811
5894
6066
3259
1769
6812
3262
4495
1771
6813
6814
2189
6815
4717
6816
4497
6817
6818
1776
5900
5255
6819
2202
5258
2205
6820
3086
6821
3087
5903
6761
2209
5907
3090
6822
5263
3267
1785
3092
2221
1791
6823
6824
1792
6825
2227
4732
6826
2230
6570
6827
6094
3108
1798
6828
1799
1800
4737
6829
6830
4742
3273
1802
6831
6099
1803
4515
1804
2251
1805
6832
1807
4517
6833
1808
5288
4518
2258
1810
1812
6834
6835
2264
6836
3128
6837
6838
6777
6839
2269
1815
5600
6840
6841
2274
4525
6842
1817
2280
6843
6844
1819
5933
1820
3282
1821
6845
4533
6846
4763
3147
3148
6847
5606
6848
3283
2289
1827
6849
3285
1829
1830
2292
2293
1831
6124
4770
3288
6850
2297
1835
1837
6851
3290
2299
3158
6852
6853
4776
6854
6855
4779
2302
6130
3161
5618
3163
2306
1847
5619
6856
6857
6134
6858
3295
2308
6859
2309
2311
1854
2315
4784
1857
3168
4543
2316
4544
6860
6139
2317
2318
6861
2321
5625
4791
4548
1863
6862
1864
6863
1865
1867
5958
1868
6864
3304
6331
3305
6865
6866
3306
4799
2333
6867
6868
5632
1872
3307
6869
2341
6638
1874
6870
2346
6165
6871
3310
4556
3311
6338
1879
3191
6872
6873
4818
3195
2364
5637
4819
6874
2367
3312
4563
6875
6876
6877
6878
6879
6183
5877
6880
2374
2375
4485
6881
6882
1751
6883
6884
6885
5880
5642
5229
2377
6886
6887
6888
6889
6890
6891
3314
6892
3315
4835
3056
3316
5885
6893
1754
3057
5648
6894
2385
2387
5651
1756
3320
3321
6895
5886
5236
6896
5653
6897
6898
2392
6899
6900
5658
2401
2402
6806
5659
6901
4841
1760
6902
4844
6903
6904
6809
4846
6905
6906
1761
1762
3326
1764
6811
6907
6908
6909
5894
6910
1766
6911
6912
6913
6194
6914
1769
5668
3077
6915
4849
4495
6916
6917
6918
6813
4496
2414
2415
6919
6920
6921
2419
4854
3082
5676
6922
6923
3330
6924
6679
5900
6925
5255
6926
6927
2424
6928
5258
4501
6929
2428
6930
2430
6931
3086
6932
6933
6934
6935
4864
3087
5903
3334
6936
6937
3089
1780
3090
5684
6938
5909
1781
6939
2435
5263
4868
5912
2437
4506
5687
6940
1785
4508
6941
3092
6942
1787
6943
6210
6944
6945
6946
2444
6947
6948
3347
6949
1792
5695
6950
6951
3102
6952
4875
6953
6954
6955
2458
6956
6218
5700
3108
3109
6957
6958
1798
3350
6959
5703
1800
4879
2463
6960
6961
6962
3112
6963
6964
6965
5704
1802
6966
5279
6967
2474
6968
3117
6226
6969
6970
3118
1803
6971
3353
4884
6972
1805
3354
1807
4517
5924
6973
6974
5286
5287
5709
1808
5288
4886
4887
6975
4519
6976
3125
1810
6977
6978
3126
4521
6979
4522
6836
3128
2484
6980
6981
6777
2485
6982
2486
1815
3363
6983
6707
3365
6984
6985
4893
2492
6986
6987
4525
5932
6988
6989
6990
3367
6991
6234
1817
4527
3136
4898
6843
6992
6993
6994
2507
3142
1820
6995
1824
2510
2511
6236
6996
3146
2513
1826
3148
3150
3370
6997
6998
6999
7000
6712
1827
3371
1830
7001
1831
7002
7003
7004
5732
5303
7005
7006
7007
7008
4912
7009
7010
7011
2518
7012
7013
2519
7014
1837
6851
1840
2523
3156
3157
3158
6243
7015
5305
7016
2527
7017
5307
3161
2529
4924
3376
5747
7018
7019
7020
3377
3379
7021
7022
2535
7023
5311
3380
6248
7024
7025
7026
7027
2536
2537
7028
6859
2542
7029
7030
7031
1854
2546
7032
7033
7034
1857
3168
6251
2551
7035
7036
7037
6784
2553
2556
7038
4547
1863
4549
6862
1864
2562
7039
7040
1866
7041
5958
7042
7043
4936
1868
7044
7045
7046
4551
7047
7048
7049
7050
7051
7052
7053
3388
3179
6265
5959
5760
4940
7054
6868
7055
6333
5763
7056
5961
7057
2583
7058
1873
7059
2587
5964
3392
7060
4947
7061
7062
3187
7063
5327
7064
5765
3394
7065
7066
7067
4556
3397
7068
7069
6338
5768
1878
4956
4957
3191
7070
2602
4557
2604
7071
4960
4559
4560
1881
2610
3195
1882
7072
7073
4561
7074
7075
7076
7077
7078
4563
2614
3400
7079
7080
7081
4965
7082
3197
2615
5336
7083
3401
3402
7084
6877
7085
6281
1889
5554
3200
4689
1894
2150
1896
7086
1898
1899
4690
2155
4567
1902
4568
7087
3202
1906
5556
4693
5558
3252
6353
5559
3204
1909
2160
1910
1911
1912
6049
5561
4696
5562
4697
4698
2164
6052
2167
2168
7088
5363
2172
1919
1920
2175
6515
2176
1922
4705
1925
2182
6523
4576
6524
1930
4709
1931
6529
3259
4711
1933
2185
1937
1942
2188
3209
2192
6378
1947
2193
6537
4584
6382
2201
7089
2203
2204
4721
6075
7090
2205
1957
5580
4590
1959
1960
4591
2209
1961
1962
4593
1963
1964
7091
7092
2221
3214
5997
2224
1972
7093
1974
6402
4731
4604
7094
6563
6404
2226
2227
6564
4732
3216
1979
2229
4607
4608
2231
4609
1983
1985
6094
2238
2240
4614
4737
1988
4740
1989
6097
6412
4616
1991
4619
6099
2249
4622
2251
2252
4623
2254
6010
4745
2258
2009
2011
4750
2014
2018
2264
2265
2266
2024
2274
2030
2031
2032
4758
4630
5456
2277
2278
2035
2036
3223
7095
4634
2280
7096
2283
2043
4763
2287
3283
2289
2051
2292
4767
4770
4639
2059
4640
4772
2065
4775
4642
2299
4776
4779
2302
6130
2071
5618
2072
2076
3294
2306
4644
3295
2308
5500
2311
2315
4784
2082
2084
2085
2316
3234
4649
6139
2317
2319
2320
2321
7097
5625
2324
4652
2099
2325
3304
2101
3235
6466
2107
4659
2108
2330
2109
3306
6153
7098
2333
4661
6636
2114
2338
6156
2340
2115
4666
4804
2341
4667
2345
4805
2122
2346
2347
3242
6162
4806
3244
6642
6165
7099
2126
3310
4675
2129
2358
2135
5540
4817
2138
6494
2362
2143
4679
2144
6656
7100
4681
6040
4684
5338
1889
5973
7101
4828
3200
1894
1895
1896
1897
6345
1898
1899
4831
3201
1902
5644
4568
4833
1906
3314
6669
7102
3316
1908
3204
2382
1911
2385
5651
6356
3319
3320
7103
5653
2390
2392
7088
5657
7104
2397
1919
2399
7105
1922
2401
1923
2402
2406
3206
1925
4845
1926
4847
1928
7106
4576
7107
4577
3208
1931
6909
6675
5371
1933
5668
7108
4849
1940
2414
5673
2415
1945
3329
7109
3209
1947
7110
4856
7111
6922
2422
4584
6679
4586
1950
7112
2426
2428
5994
1955
1956
1957
4864
4590
1959
4865
1960
4591
3334
1961
1962
4593
4596
5684
1963
6764
2437
5688
4598
6766
3214
5997
7113
4601
2444
4602
7093
1974
2446
7114
6402
4604
5695
5415
6404
4874
2451
4875
1979
7115
6406
5426
7116
2457
7117
7118
2459
1986
7119
5703
6773
2463
1988
7120
2465
7121
2468
2472
2474
4619
1994
5706
6700
4884
2000
3354
2001
7122
3219
7123
6008
7124
2480
4886
4887
7125
2009
2481
5448
2013
2018
2484
7126
2020
2485
5451
2488
2490
2491
4893
2026
2492
2496
2030
2031
2032
4630
4895
5456
6779
2035
4633
4896
3223
4634
7127
2501
7096
6711
4899
7128
5721
7129
2507
7130
5724
2043
4635
7131
4636
7132
4905
6713
7133
2051
2056
2515
6238
4639
7134
7135
6442
5734
6443
2063
2516
4640
5735
2064
2065
2518
2519
2521
2522
3229
4919
5742
7136
2069
5743
2071
7137
3231
5491
7138
2072
4924
2076
2530
3379
2534
7022
5748
2535
6248
7026
5750
4644
2536
2539
2540
2541
2542
2543
2546
2082
2084
7139
2085
3234
4649
2551
2091
7140
2553
2096
2097
4652
6785
2099
5754
2562
2100
7141
6787
7045
2101
4656
2566
6463
5755
7142
4938
3387
5756
7143
6261
3235
6789
3388
4659
2108
2109
4940
2577
4661
7144
5763
2111
3238
2113
2114
4944
6269
4663
2583
2115
2584
4666
2587
4667
7145
7146
2122
6274
7147
7148
3244
4674
7149
3396
7150
2128
2129
5768
7151
4957
2602
2135
4960
2138
5544
2608
2609
3246
7073
4679
2144
4964
3247
7152
4681
6040
6798
2616
7084
2618
2620
2621
4969
4682
4970
5553
2147
2374
4685
7153
4828
2149
6186
3250
7154
4690
2155
7155
2377
7156
4691
7157
7158
6887
7159
2156
4692
7160
5556
5558
7161
3315
4694
7162
7163
3252
7164
5559
4836
2159
6048
4838
4695
6894
2385
2387
5561
7165
4696
6671
5562
3320
7166
4698
2162
7167
6896
2163
7168
2164
7169
2166
2167
7170
7171
7172
7173
2168
4700
2392
7174
7175
2395
7176
7177
2172
7178
6673
2175
2399
6515
5660
4842
7179
2179
2180
7180
7181
2406
7182
7183
7184
5662
4844
7185
2182
6906
2183
6061
4848
6524
7186
3326
6063
7187
7188
6529
3259
4711
7189
3260
7190
7191
7192
7193
4713
7194
7195
7196
5670
3262
7197
7198
2413
2188
7199
2414
2415
2189
7200
6815
2419
7201
6071
4717
7202
7203
7204
7205
7206
6818
2195
3330
7207
2201
7208
7209
2202
5679
7210
2203
3331
4721
7211
2205
6930
7212
7213
2430
6204
7214
7215
7216
4864
6206
4865
6548
5584
7217
7218
7219
6938
5685
3336
7220
5686
4867
7221
3338
2437
3339
7222
7223
5586
7224
4870
6556
7225
4727
7226
7227
6943
6088
7228
2221
7229
2223
7230
4728
7231
7232
7233
7234
7235
4873
7236
7237
3346
7238
7239
7240
7241
6691
7242
7243
4874
6825
2226
2227
7244
7245
7246
2230
2231
6570
2458
7247
6695
7248
6696
5591
6828
3350
7249
7250
2462
7251
4879
4737
2243
2463
4738
4741
2465
7252
6830
2468
7253
6097
4742
5704
3273
2245
6575
7254
2246
3275
6226
5705
2247
7255
5595
7256
6700
6701
2251
3354
7257
7258
2254
6974
2480
7259
5709
6228
2258
7260
2261
7261
7262
6109
7263
7264
2264
6837
7265
2485
7266
7267
3363
7268
2270
5600
7269
7270
7271
3278
5715
6707
7272
7273
4753
3365
7274
2274
2492
7275
7276
4758
7277
6988
4895
2278
6234
4896
7278
7279
2279
4898
2280
2503
6993
7280
7281
7282
7283
7284
7285
2283
2511
4763
2512
2513
5606
3370
2287
3283
2289
7286
6713
3371
3285
6714
7287
2292
2293
3287
4768
7288
2294
7289
6124
4770
3288
7290
7291
7292
2296
7293
5731
5732
7294
2297
2516
7295
6240
7010
7296
7297
2517
7298
7299
7300
2519
7301
5614
6241
3290
7302
2299
2300
7303
2524
7304
7305
7306
7307
7015
7308
4776
4777
6855
7309
7310
7311
4778
4779
7312
2527
2302
7313
2303
6130
2304
2529
5618
3376
6719
7314
7315
2530
7316
3294
3379
7317
5619
2535
7318
6248
7319
7025
7320
5750
2537
3295
2308
7321
2540
2311
2542
7322
2546
2547
2315
2548
4784
4928
3382
2316
7323
2551
7324
2317
2318
2319
4787
7325
7326
3300
4789
4931
2320
2321
5625
7327
7328
7329
2555
2556
7038
7330
4933
4791
2560
2324
7331
7332
2562
4936
7333
4794
2326
3304
3305
7334
7335
7336
2570
3388
5759
6262
3390
7337
6263
7338
7339
2330
3306
7340
7341
7342
4940
7343
4799
7344
2333
7345
7346
5632
7347
7348
7349
7350
6269
7351
2580
2581
6156
7352
7353
7058
7059
2586
2587
3392
7354
2341
6638
7145
7355
2345
7356
7357
7358
7359
7360
2346
7361
7362
3394
6642
5766
7363
7364
2350
5633
3310
7365
7366
3311
3396
3397
7367
4812
7368
4956
7369
7370
6736
2602
6169
4958
2603
7371
4817
7372
4960
4818
2363
7373
2364
4819
7374
7375
2613
7376
3312
4963
3399
7078
2614
3400
4966
7100
7377
2615
2616
7378
3402
7379
4822
7380
6280
7381
7382
2620
7383
4970
