-4.84283
-0.354685
-4.84956
-0.446498
-5.17001
-0.422403
-4.86885
-0.00425865
-5.51091
1.00165
-4.8093
-0.151857
-4.80434
-0.267488
-4.88255
0.272158
-4.52194
0.165149
-4.93915
0.136067
-4.889
-0.196298
-4.88624
1.36545
-5.03154
0.459829
-4.53245
-0.338573
-4.07342
0.381864
-5.16945
-0.157259
-4.39757
1.03934
-5.31543
0.156181
-5.09394
0.0317466
-5.38419
0.968374
-5.35723
-0.462481
-5.06087
-0.106841
-5.08959
0.0158099
-5.37824
0.231897
-4.68714
0.456398
-4.99867
0.473699
-4.8905
-0.240934
-5.03337
0.0972307
-5.05437
-0.0720401
-5.02213
0.479113
-5.12965
0.754139
-5.05242
-0.137957
-4.24922
-0.198173
-4.83988
-0.39612
-4.08842
-0.171677
-4.30988
-0.945428
-5.19161
-0.790162
-5.12371
-0.522199
-4.53342
-0.031804
-4.80423
-0.0649703
-4.78213
0.292228
-4.91228
0.213893
-5.19621
0.245295
-4.62789
0.286406
-5.04595
0.250999
